102
52
0.000000
0.000000
0.000000
0.000000
0.000000
0.000000
0.000000
0.000000
0.000000
0.000000
0.000000
0.000000
0.000000
0.000000
0.000000
0.000000
0.000000
0.000000
0.000000
0.000000
0.000000
0.000000
0.000000
0.000000
0.000000
0.000000
0.000000
0.000000
0.000000
0.000000
0.000000
0.000000
0.000000
0.000000
0.000000
0.000000
0.000000
0.000000
0.000000
0.000000
0.000000
0.000000
0.000000
0.000000
0.000000
0.000000
0.000000
0.000000
0.000000
0.000000
0.000000
0.000000
0.000000
0.000000
0.000000
0.000000
0.000000
0.000000
0.000000
0.000000
0.000000
0.000000
0.000000
0.000000
0.000000
0.000000
0.000000
0.000000
0.000000
0.000000
0.000000
0.000000
0.000000
0.000000
0.000000
0.000000
0.000000
0.000000
0.000000
0.000000
0.000000
0.000000
0.000000
0.000000
0.000000
0.000000
0.000000
0.000000
0.000000
0.000000
0.000000
0.000000
0.000000
0.000000
0.000000
0.000000
0.000000
0.000000
0.000000
0.000000
0.000000
0.000000
0.000000
0.830700
0.862898
0.276044
0.156916
0.717476
0.599873
0.102061
0.925052
0.314783
0.514402
0.670635
0.788478
0.164561
0.923508
0.905691
0.145681
0.962596
0.082483
0.081685
0.018277
0.710032
0.854422
0.523256
0.583461
0.838215
0.682539
0.596831
0.430185
0.030733
0.731357
0.504911
0.800428
0.834324
0.411676
0.852507
0.707797
0.762941
0.370461
0.656749
0.099520
0.629745
0.504179
0.219902
0.540577
0.010597
0.927356
0.733671
0.617105
0.423018
0.829305
0.789156
0.735989
0.968670
0.679524
0.196049
0.336728
0.559692
0.436599
0.228304
0.933070
0.772312
0.420669
0.425742
0.274885
0.539245
0.232994
0.697684
0.654548
0.355485
0.429986
0.573827
0.064379
0.562030
0.783092
0.184320
0.800926
0.956358
0.317476
0.615215
0.916502
0.600444
0.047728
0.082618
0.244819
0.909961
0.762028
0.324282
0.742508
0.816617
0.041223
0.283734
0.940752
0.292781
0.371758
0.085932
0.986249
0.457946
0.096921
0.031690
0.160947
0.000000
0.000000
0.413502
0.348046
0.871664
0.182757
0.655176
0.492850
0.707093
0.841524
0.612617
0.010168
0.382149
0.129581
0.313756
0.332839
0.228096
0.084566
0.415309
0.329352
0.418019
0.808469
0.110718
0.517028
0.885955
0.937133
0.179888
0.311383
0.854653
0.432057
0.908644
0.279495
0.535569
0.682752
0.671767
0.119445
0.025550
0.749153
0.203179
0.341165
0.764102
0.783128
0.207366
0.698860
0.532800
0.598667
0.766763
0.069869
0.098113
0.688584
0.622813
0.274619
0.934030
0.612092
0.342685
0.641115
0.208673
0.708461
0.063270
0.794331
0.372872
0.334167
0.440400
0.117104
0.815361
0.772232
0.681670
0.022296
0.936793
0.295656
0.734117
0.437542
0.089883
0.895418
0.490747
0.449840
0.481167
0.702352
0.501135
0.308659
0.511555
0.348646
0.481544
0.131965
0.866882
0.590854
0.837548
0.524837
0.506742
0.323353
0.953735
0.494609
0.090325
0.071706
0.000367
0.228091
0.305581
0.254274
0.884467
0.269293
0.753798
0.052370
0.000000
0.000000
0.010726
0.595049
0.461158
0.557735
0.772068
0.332361
0.731759
0.273762
0.247507
0.525266
0.936727
0.087153
0.495402
0.719989
0.600609
0.705241
0.942694
0.202078
0.819374
0.736514
0.387602
0.998680
0.906720
0.416630
0.044412
0.998148
0.816756
0.990754
0.396300
0.417136
0.970441
0.519827
0.529271
0.757106
0.563610
0.516574
0.082132
0.759983
0.878937
0.102789
0.357609
0.276124
0.537213
0.816636
0.136182
0.125376
0.056320
0.797555
0.843610
0.740487
0.679446
0.500855
0.236582
0.267905
0.401014
0.060511
0.664698
0.658901
0.249379
0.156866
0.645785
0.620586
0.517950
0.841892
0.417282
0.959064
0.252001
0.440368
0.283390
0.781668
0.243212
0.016244
0.939141
0.169860
0.476909
0.350132
0.670921
0.065633
0.293337
0.703392
0.769642
0.726869
0.091548
0.944425
0.690454
0.977997
0.543920
0.936276
0.693820
0.835666
0.484842
0.414596
0.268467
0.017869
0.440857
0.417137
0.739839
0.263924
0.288518
0.243551
0.000000
0.000000
0.917569
0.839205
0.231578
0.398640
0.117232
0.396661
0.224968
0.277384
0.240439
0.366032
0.784250
0.904408
0.180571
0.945761
0.025387
0.362216
0.771528
0.468990
0.648286
0.461833
0.633498
0.802104
0.499738
0.618728
0.489624
0.338169
0.057540
0.688401
0.443959
0.414093
0.073552
0.646111
0.852936
0.791986
0.493367
0.377967
0.930648
0.158933
0.403456
0.009296
0.219291
0.270424
0.484387
0.908786
0.937161
0.142546
0.348393
0.742941
0.897565
0.351354
0.547254
0.526729
0.343229
0.676520
0.882274
0.208753
0.647675
0.632364
0.259661
0.532952
0.505990
0.931207
0.728097
0.167615
0.535622
0.087313
0.352523
0.954017
0.680095
0.766519
0.946319
0.453818
0.572330
0.533173
0.485893
0.612436
0.606004
0.791535
0.718893
0.393920
0.051828
0.137406
0.432756
0.134995
0.602935
0.044859
0.371019
0.377151
0.610319
0.220941
0.195975
0.127586
0.183213
0.283265
0.939747
0.522580
0.414642
0.933620
0.798555
0.133172
0.000000
0.000000
0.673549
0.714482
0.119097
0.247320
0.486684
0.322885
0.731307
0.766298
0.315294
0.777705
0.972374
0.315457
0.319806
0.019220
0.121840
0.882947
0.657928
0.859624
0.033296
0.000691
0.220203
0.682782
0.576522
0.275303
0.893245
0.166355
0.742669
0.111531
0.455104
0.248829
0.939368
0.452734
0.679029
0.005753
0.669107
0.481017
0.940283
0.462104
0.653308
0.087266
0.586338
0.470531
0.455242
0.160712
0.388483
0.823099
0.778840
0.718829
0.450610
0.811674
0.559217
0.541766
0.367327
0.103012
0.798402
0.582122
0.612782
0.699540
0.028826
0.617410
0.608893
0.064386
0.919082
0.869430
0.025607
0.707109
0.406427
0.251361
0.904633
0.845398
0.464507
0.703949
0.507063
0.390846
0.839116
0.950926
0.549488
0.705978
0.149965
0.197269
0.670284
0.804595
0.615786
0.248747
0.243827
0.960740
0.244896
0.587356
0.185851
0.415836
0.380905
0.691754
0.797190
0.709653
0.929708
0.881540
0.383198
0.892775
0.123517
0.666653
0.000000
0.000000
0.969592
0.686216
0.861936
0.168147
0.641371
0.839747
0.519262
0.056850
0.208731
0.286093
0.297962
0.193417
0.031174
0.412846
0.087627
0.079871
0.390924
0.733297
0.087846
0.474471
0.009472
0.561134
0.701006
0.954729
0.202208
0.794148
0.423175
0.480961
0.523037
0.526713
0.509505
0.435331
0.087308
0.559214
0.433922
0.375126
0.701781
0.783477
0.035748
0.166859
0.869222
0.617810
0.079188
0.472559
0.324860
0.421861
0.581741
0.756991
0.423251
0.806042
0.806021
0.628757
0.501483
0.454236
0.107306
0.333629
0.316366
0.692658
0.674193
0.118431
0.261644
0.731609
0.457219
0.467850
0.691206
0.611831
0.965084
0.325295
0.401095
0.062480
0.438995
0.720722
0.067534
0.145474
0.457583
0.178549
0.173799
0.159834
0.661960
0.613259
0.531371
0.487972
0.806209
0.985560
0.717094
0.509719
0.978377
0.718404
0.486350
0.195965
0.761383
0.761475
0.563842
0.731327
0.780868
0.188345
0.297435
0.368971
0.120985
0.221746
0.000000
0.000000
0.419524
0.084463
0.542175
0.550756
0.737907
0.201322
0.081081
0.977068
0.241615
0.427298
0.641854
0.815401
0.644619
0.991778
0.854726
0.412877
0.329701
0.682959
0.791574
0.781337
0.022702
0.393991
0.486408
0.064327
0.577508
0.868896
0.518308
0.947344
0.540829
0.694057
0.152119
0.894062
0.069343
0.040042
0.709194
0.857278
0.983267
0.629890
0.536242
0.937428
0.171236
0.238276
0.843478
0.639784
0.114727
0.520767
0.022548
0.488265
0.939045
0.822618
0.143105
0.944385
0.290562
0.663822
0.693841
0.255012
0.229176
0.600759
0.649755
0.496500
0.184677
0.190458
0.978192
0.888322
0.420755
0.100885
0.490914
0.647884
0.178428
0.972390
0.311719
0.268672
0.617854
0.818994
0.249386
0.983756
0.857785
0.196806
0.863274
0.327061
0.441668
0.896589
0.466685
0.236137
0.934000
0.362513
0.657276
0.983093
0.409049
0.244485
0.403749
0.584546
0.991789
0.536185
0.816342
0.693207
0.842049
0.325540
0.333813
0.472306
0.000000
0.000000
0.198430
0.200631
0.351596
0.787167
0.124613
0.040388
0.239818
0.348642
0.835688
0.764575
0.597938
0.396303
0.715160
0.418451
0.680068
0.149492
0.957205
0.167825
0.732700
0.283442
0.606429
0.591628
0.743685
0.992472
0.056079
0.034493
0.578271
0.522329
0.895603
0.584522
0.851137
0.261623
0.662237
0.635641
0.287520
0.482879
0.807571
0.535107
0.559848
0.920892
0.254056
0.974651
0.877863
0.075617
0.511748
0.359133
0.793181
0.990450
0.836424
0.665766
0.912229
0.464337
0.854127
0.353968
0.550138
0.835863
0.450621
0.948343
0.792097
0.407023
0.154781
0.333524
0.950732
0.418639
0.703000
0.592251
0.395078
0.170921
0.726706
0.165356
0.699567
0.080253
0.525618
0.513994
0.585605
0.645662
0.612370
0.377272
0.705742
0.943412
0.467919
0.300283
0.895260
0.203296
0.034188
0.690009
0.723530
0.946349
0.548919
0.729669
0.545675
0.268224
0.574925
0.656992
0.984542
0.498144
0.040655
0.920634
0.454289
0.104774
0.000000
0.000000
0.106023
0.112587
0.006461
0.175820
0.132393
0.866991
0.545247
0.214762
0.050899
0.252380
0.459322
0.766274
0.696499
0.417261
0.623907
0.741430
0.774264
0.472054
0.728211
0.534617
0.854307
0.600931
0.806214
0.798487
0.023017
0.334740
0.108919
0.635521
0.092131
0.699347
0.087088
0.656556
0.980745
0.882791
0.073561
0.676901
0.531598
0.370626
0.330278
0.175464
0.355339
0.831443
0.603705
0.750271
0.006733
0.761386
0.686321
0.678125
0.241954
0.917014
0.054106
0.805937
0.242044
0.412649
0.478449
0.463938
0.835668
0.122134
0.104805
0.319082
0.139124
0.379781
0.811887
0.519230
0.141302
0.950136
0.820043
0.444132
0.333882
0.129424
0.523008
0.638373
0.654908
0.862432
0.443011
0.814863
0.867822
0.845822
0.464931
0.655423
0.349662
0.306899
0.218192
0.632499
0.813456
0.218887
0.876531
0.117604
0.310204
0.748708
0.068692
0.141308
0.152951
0.164349
0.961316
0.551581
0.459542
0.838998
0.098949
0.324829
0.000000
0.000000
0.274024
0.178211
0.538260
0.951360
0.671002
0.394619
0.651384
0.025995
0.648285
0.019827
0.096307
0.545009
0.605142
0.607773
0.633388
0.117042
0.837066
0.178157
0.742732
0.583048
0.500881
0.928807
0.274096
0.333089
0.659389
0.782545
0.033582
0.414401
0.340358
0.947966
0.938357
0.988053
0.529963
0.383546
0.653452
0.012140
0.803622
0.500546
0.568224
0.558778
0.593545
0.011189
0.492679
0.660799
0.619099
0.585438
0.146447
0.642444
0.545527
0.302489
0.643943
0.255251
0.220730
0.294314
0.071866
0.739021
0.153447
0.547826
0.597597
0.552225
0.696029
0.691837
0.112788
0.101594
0.744901
0.005699
0.928895
0.560643
0.143239
0.505840
0.007528
0.365387
0.294230
0.869763
0.852597
0.678813
0.694048
0.897030
0.929612
0.203132
0.245312
0.569367
0.813887
0.693743
0.632200
0.216524
0.278600
0.111524
0.144742
0.000064
0.164416
0.401497
0.861557
0.999566
0.383027
0.617881
0.848401
0.416417
0.236299
0.668818
0.000000
0.000000
0.530042
0.591754
0.445764
0.381665
0.142150
0.198524
0.005242
0.087016
0.572293
0.004934
0.079357
0.619790
0.507112
0.396884
0.216598
0.456139
0.709321
0.476175
0.683481
0.936683
0.607003
0.327023
0.661121
0.527348
0.978861
0.667354
0.651230
0.377530
0.692603
0.809101
0.828460
0.992577
0.857374
0.709443
0.752319
0.505267
0.572620
0.744252
0.868331
0.945769
0.765728
0.190535
0.062908
0.686859
0.001865
0.404161
0.424294
0.400259
0.694637
0.374379
0.649714
0.658401
0.497426
0.062344
0.766744
0.017621
0.621376
0.799380
0.939795
0.266058
0.731256
0.098582
0.341116
0.738713
0.377097
0.783357
0.338096
0.044001
0.389915
0.329042
0.520687
0.466389
0.021175
0.525540
0.744604
0.709511
0.669561
0.229765
0.669190
0.283109
0.271485
0.716385
0.291317
0.978868
0.401837
0.114434
0.191943
0.281893
0.261258
0.556866
0.344518
0.806190
0.957297
0.114461
0.538830
0.636022
0.753177
0.519183
0.501785
0.225993
0.000000
0.000000
0.266146
0.243193
0.611642
0.724017
0.407453
0.650044
0.051357
0.387365
0.165164
0.859349
0.790867
0.584599
0.159656
0.830860
0.147849
0.910383
0.750991
0.671821
0.636114
0.293507
0.028724
0.761698
0.104189
0.194795
0.432657
0.831718
0.858013
0.507227
0.136765
0.512473
0.797309
0.628906
0.305599
0.629981
0.357505
0.113814
0.998781
0.484388
0.775836
0.645115
0.209858
0.477417
0.643009
0.774502
0.334117
0.725379
0.531257
0.239049
0.638013
0.561148
0.205457
0.608144
0.340032
0.243987
0.701659
0.525490
0.666899
0.317527
0.946126
0.561193
0.061220
0.112086
0.651569
0.266153
0.321995
0.581006
0.060856
0.763092
0.796172
0.630617
0.597387
0.756704
0.015907
0.859107
0.045755
0.241437
0.832038
0.989807
0.281361
0.905069
0.513428
0.544046
0.495604
0.447937
0.066261
0.471209
0.526807
0.870279
0.586777
0.192673
0.733122
0.876732
0.775260
0.937420
0.862260
0.255465
0.376647
0.639080
0.216933
0.674993
0.000000
0.000000
0.671291
0.985817
0.858632
0.512410
0.848191
0.833632
0.336350
0.305088
0.923782
0.700780
0.742927
0.690588
0.468235
0.727203
0.230507
0.204757
0.713273
0.141297
0.228139
0.485900
0.080818
0.775472
0.560535
0.015389
0.669890
0.525995
0.887297
0.434466
0.376041
0.295058
0.197762
0.092735
0.430956
0.729375
0.026874
0.070775
0.325017
0.180688
0.911931
0.331008
0.911415
0.935275
0.447974
0.797378
0.880585
0.616357
0.701649
0.855209
0.728703
0.423166
0.345728
0.716007
0.900377
0.585950
0.292153
0.210065
0.436588
0.243517
0.636474
0.026661
0.984845
0.358423
0.042345
0.601557
0.230264
0.538768
0.789826
0.824783
0.716438
0.235502
0.936192
0.008350
0.538246
0.321634
0.509291
0.324603
0.739261
0.999493
0.865470
0.131833
0.015711
0.470245
0.158390
0.780576
0.725945
0.407101
0.796812
0.920535
0.099885
0.645115
0.662296
0.330001
0.397995
0.849867
0.675498
0.281842
0.092700
0.894446
0.908839
0.646712
0.000000
0.000000
0.350178
0.846495
0.135318
0.264740
0.173953
0.216706
0.286722
0.086383
0.303078
0.074181
0.274374
0.959518
0.637742
0.969438
0.620163
0.733097
0.037141
0.499813
0.753050
0.196708
0.612995
0.110199
0.147693
0.119585
0.579960
0.045916
0.132515
0.120070
0.917185
0.259088
0.638269
0.940801
0.638214
0.931204
0.926003
0.515277
0.734065
0.878311
0.968602
0.701161
0.142268
0.018626
0.263460
0.149428
0.341468
0.238121
0.519185
0.264156
0.059677
0.037607
0.205533
0.546209
0.823814
0.350751
0.443178
0.695183
0.686335
0.677537
0.077570
0.465418
0.543443
0.618302
0.049607
0.084107
0.014841
0.185507
0.394133
0.998084
0.525104
0.445231
0.638165
0.323777
0.306754
0.805474
0.796948
0.833840
0.005190
0.504845
0.264135
0.657764
0.626899
0.566225
0.909670
0.800986
0.779952
0.086577
0.220551
0.516653
0.063062
0.613460
0.414741
0.491841
0.350416
0.531156
0.439299
0.807545
0.481130
0.756777
0.366539
0.311585
0.000000
0.000000
0.499343
0.670561
0.998527
0.533750
0.542578
0.373465
0.210144
0.013623
0.583527
0.929746
0.039081
0.655213
0.055132
0.829511
0.800497
0.591695
0.783659
0.287408
0.851438
0.717566
0.139517
0.815414
0.148120
0.506440
0.644527
0.686478
0.773013
0.581031
0.912068
0.827492
0.319679
0.213743
0.620920
0.556045
0.916857
0.424957
0.741846
0.539898
0.826058
0.202423
0.999406
0.269646
0.731440
0.897925
0.913838
0.581459
0.385560
0.756278
0.574744
0.124020
0.453788
0.708089
0.785320
0.387295
0.976780
0.912660
0.379579
0.819841
0.193858
0.206632
0.313225
0.036509
0.525523
0.423889
0.220289
0.939488
0.958400
0.380938
0.258192
0.164651
0.579308
0.509189
0.761259
0.123547
0.230701
0.387880
0.155656
0.762241
0.514464
0.239478
0.842450
0.940783
0.369511
0.515779
0.353694
0.575304
0.093252
0.274372
0.138273
0.030390
0.320293
0.954318
0.449272
0.879988
0.002713
0.827479
0.921951
0.414455
0.173272
0.096847
0.000000
0.000000
0.627275
0.307322
0.458566
0.966094
0.243512
0.099057
0.202272
0.314035
0.190091
0.877630
0.461906
0.179639
0.813783
0.599945
0.211627
0.370829
0.387047
0.576894
0.545487
0.711378
0.793382
0.717587
0.565338
0.288211
0.521579
0.683116
0.419129
0.937988
0.072718
0.194254
0.062563
0.530007
0.911773
0.941801
0.947170
0.978307
0.129674
0.679568
0.022126
0.625006
0.115640
0.798703
0.786819
0.056769
0.406261
0.789458
0.024370
0.237665
0.670313
0.788397
0.340169
0.530222
0.953636
0.241441
0.078495
0.185730
0.865516
0.035817
0.815876
0.535902
0.436122
0.952986
0.841372
0.847218
0.404604
0.962442
0.848561
0.681081
0.553116
0.865044
0.963651
0.278042
0.399003
0.118370
0.194697
0.223057
0.555835
0.570725
0.520937
0.393845
0.310196
0.400774
0.736379
0.723241
0.821637
0.267554
0.912453
0.158826
0.417116
0.846321
0.888900
0.015989
0.638282
0.942952
0.789064
0.251026
0.873217
0.702457
0.938299
0.561783
0.000000
0.000000
0.991706
0.394610
0.975056
0.465357
0.092268
0.185110
0.558900
0.494108
0.586515
0.617864
0.140055
0.234935
0.579339
0.543475
0.452464
0.128475
0.365722
0.126013
0.292103
0.699812
0.127636
0.793897
0.018541
0.034858
0.592111
0.089326
0.222969
0.403111
0.399158
0.358355
0.768049
0.326491
0.678560
0.982866
0.849641
0.144157
0.354938
0.905455
0.624873
0.348715
0.416268
0.756854
0.336994
0.692074
0.705087
0.924553
0.794936
0.838985
0.189146
0.705323
0.913235
0.504591
0.996998
0.238108
0.715372
0.530398
0.623403
0.614366
0.890983
0.333250
0.645992
0.653555
0.648170
0.518376
0.895344
0.701975
0.805587
0.255378
0.702433
0.447166
0.509449
0.766958
0.305371
0.211044
0.824921
0.693716
0.257926
0.785620
0.201695
0.908775
0.287549
0.459139
0.854642
0.481597
0.818595
0.119017
0.964339
0.719301
0.384383
0.947769
0.421425
0.734316
0.422179
0.860951
0.084441
0.852281
0.237006
0.257609
0.522954
0.885574
0.000000
0.000000
0.006552
0.767644
0.944558
0.577936
0.404642
0.160388
0.315524
0.144032
0.953076
0.538695
0.465488
0.034830
0.123307
0.875404
0.696149
0.302312
0.879962
0.039082
0.204984
0.047737
0.830111
0.357919
0.780903
0.674964
0.326494
0.717836
0.841412
0.808995
0.705616
0.901010
0.408971
0.650680
0.187371
0.739742
0.038518
0.534186
0.691445
0.035597
0.477695
0.216108
0.015461
0.662309
0.712826
0.515967
0.531607
0.695676
0.475528
0.175877
0.299446
0.782268
0.534278
0.527248
0.613445
0.745200
0.947515
0.470452
0.169741
0.980801
0.338025
0.374825
0.626541
0.510020
0.196777
0.021656
0.673961
0.713274
0.985607
0.464903
0.877343
0.490399
0.811955
0.916404
0.276540
0.636821
0.440141
0.959573
0.359908
0.556440
0.425411
0.482483
0.702547
0.785454
0.640569
0.967391
0.670540
0.700434
0.697806
0.683603
0.302827
0.265852
0.124582
0.976758
0.517507
0.635766
0.389793
0.985691
0.273083
0.858005
0.035877
0.125170
0.000000
0.000000
0.242138
0.864353
0.484565
0.087159
0.893523
0.784915
0.351503
0.208407
0.388282
0.825969
0.570589
0.415565
0.559433
0.035241
0.477031
0.467043
0.708227
0.198304
0.427361
0.429932
0.652744
0.512283
0.580980
0.553028
0.549104
0.427798
0.541432
0.279771
0.373413
0.249907
0.438522
0.172276
0.322359
0.915724
0.717214
0.316360
0.924263
0.463938
0.132390
0.409354
0.982359
0.903432
0.609065
0.527572
0.141651
0.256650
0.949274
0.837683
0.839073
0.895108
0.692594
0.679451
0.055870
0.464676
0.800007
0.079036
0.339323
0.547041
0.550298
0.324935
0.179926
0.736733
0.840571
0.869301
0.455365
0.158899
0.696236
0.877863
0.143127
0.644314
0.420897
0.077582
0.792480
0.798051
0.058172
0.946743
0.036343
0.863445
0.139049
0.726095
0.004840
0.822554
0.759472
0.186127
0.794521
0.694328
0.939998
0.644730
0.897576
0.549727
0.416093
0.838581
0.136336
0.446676
0.401881
0.296121
0.804828
0.364604
0.170152
0.614516
0.000000
0.000000
0.174959
0.877027
0.253944
0.907478
0.791115
0.637987
0.034237
0.356494
0.858058
0.277657
0.423724
0.401941
0.570737
0.006376
0.765532
0.095241
0.069373
0.792773
0.231836
0.962629
0.786119
0.833171
0.729000
0.025874
0.019978
0.014907
0.048442
0.650823
0.612988
0.024168
0.050996
0.159247
0.203610
0.019614
0.030311
0.871957
0.412441
0.348023
0.740097
0.492647
0.470572
0.749152
0.874850
0.251474
0.462873
0.716441
0.474608
0.627577
0.860930
0.531265
0.892861
0.272608
0.762736
0.370180
0.176906
0.221851
0.618893
0.565682
0.569285
0.739274
0.977552
0.257253
0.523093
0.343575
0.503436
0.015555
0.806607
0.601752
0.735837
0.850290
0.810182
0.355400
0.368883
0.230546
0.719466
0.383270
0.253753
0.376572
0.842323
0.347101
0.187325
0.655188
0.778391
0.905831
0.597444
0.290925
0.449822
0.153926
0.098584
0.260969
0.063837
0.864280
0.528486
0.468938
0.134513
0.720857
0.897938
0.869540
0.714364
0.524936
0.000000
0.000000
0.064979
0.882888
0.711771
0.146006
0.568376
0.768306
0.655519
0.983957
0.491517
0.693852
0.122911
0.049455
0.908486
0.809573
0.734666
0.249751
0.113041
0.453358
0.644452
0.935929
0.314482
0.599371
0.199453
0.313782
0.728005
0.668930
0.192416
0.750994
0.471847
0.493512
0.244655
0.050877
0.283251
0.209554
0.317585
0.803467
0.770436
0.497651
0.769372
0.303021
0.489471
0.470204
0.188217
0.371298
0.621558
0.063679
0.737416
0.791375
0.749251
0.755742
0.197405
0.613294
0.513065
0.598414
0.499773
0.588875
0.873904
0.392008
0.197654
0.895879
0.533397
0.761500
0.169347
0.143013
0.571041
0.287681
0.643261
0.093552
0.745388
0.793926
0.221437
0.225040
0.742734
0.538680
0.747435
0.720967
0.809604
0.672513
0.733090
0.665922
0.103577
0.415393
0.254980
0.937127
0.294978
0.420988
0.201570
0.251470
0.017959
0.147746
0.904892
0.932168
0.296195
0.598253
0.351772
0.111191
0.435586
0.838270
0.684838
0.987811
0.000000
0.000000
0.208862
0.968522
0.379083
0.243694
0.029372
0.161799
0.973848
0.882632
0.810751
0.013860
0.181279
0.995916
0.960785
0.808858
0.978119
0.135046
0.559617
0.475256
0.313599
0.688736
0.414839
0.895957
0.428255
0.315530
0.662383
0.617093
0.124259
0.764227
0.180158
0.756737
0.276880
0.158615
0.074750
0.502980
0.287911
0.069780
0.045001
0.211826
0.992150
0.393594
0.733711
0.004829
0.036519
0.384780
0.982922
0.642793
0.672239
0.465046
0.450108
0.794963
0.945551
0.364291
0.695315
0.272220
0.165590
0.372422
0.286650
0.883874
0.565557
0.712001
0.988503
0.207561
0.607964
0.567533
0.543255
0.157652
0.622050
0.264569
0.643914
0.797176
0.848313
0.555479
0.728335
0.895115
0.812420
0.115002
0.657058
0.116423
0.300515
0.950842
0.579477
0.169124
0.885052
0.421368
0.972457
0.776317
0.492400
0.047832
0.189983
0.597590
0.634865
0.547703
0.172918
0.451959
0.449554
0.050411
0.638158
0.164498
0.561750
0.781097
0.000000
0.000000
0.947147
0.413778
0.829198
0.042639
0.956527
0.035371
0.034830
0.045286
0.362000
0.181851
0.676012
0.307235
0.849986
0.819767
0.199273
0.106678
0.283417
0.651703
0.194180
0.255053
0.337526
0.875288
0.953592
0.773016
0.255688
0.423534
0.337336
0.534649
0.389925
0.446123
0.225133
0.900603
0.570507
0.668456
0.261296
0.178527
0.335189
0.032440
0.955313
0.679667
0.769583
0.954731
0.477030
0.649356
0.206748
0.065199
0.190551
0.712107
0.334708
0.304349
0.785427
0.620205
0.535046
0.322827
0.230314
0.827690
0.584327
0.537740
0.899093
0.406313
0.658445
0.827201
0.946827
0.062990
0.890132
0.014946
0.981953
0.358366
0.203543
0.600848
0.893999
0.627347
0.949595
0.985813
0.521151
0.711516
0.779391
0.375901
0.028797
0.568614
0.929554
0.509565
0.011372
0.348190
0.637330
0.875673
0.431854
0.137394
0.391250
0.307987
0.560652
0.830558
0.363273
0.981279
0.232517
0.321992
0.275199
0.780924
0.743794
0.642359
0.000000
0.000000
0.274804
0.275735
0.099635
0.678915
0.924790
0.476293
0.921462
0.087225
0.936370
0.301966
0.698426
0.980259
0.311945
0.741192
0.056203
0.419293
0.858941
0.039001
0.983560
0.208346
0.552259
0.760627
0.946239
0.099728
0.989392
0.077546
0.693132
0.447431
0.405387
0.686023
0.085032
0.924460
0.432339
0.239187
0.935570
0.326143
0.306835
0.018665
0.355399
0.351074
0.725529
0.069825
0.736871
0.709275
0.727698
0.463601
0.443555
0.906698
0.006429
0.942183
0.506541
0.107442
0.507674
0.422305
0.201067
0.098186
0.250504
0.195525
0.480384
0.298389
0.101453
0.623687
0.385256
0.958742
0.207152
0.466103
0.648517
0.648619
0.668435
0.035267
0.581434
0.670624
0.344126
0.235232
0.251107
0.287622
0.277528
0.171920
0.430047
0.849272
0.053551
0.903196
0.644768
0.972075
0.245362
0.557200
0.033048
0.649616
0.262947
0.697276
0.261517
0.893908
0.225731
0.553692
0.436845
0.332863
0.511585
0.939186
0.346909
0.764207
0.000000
0.000000
0.380983
0.250905
0.579056
0.068662
0.970374
0.226499
0.216562
0.004520
0.339513
0.085066
0.913625
0.069516
0.777769
0.815375
0.798382
0.624021
0.913205
0.660209
0.074685
0.004812
0.544090
0.693124
0.450198
0.644694
0.360715
0.830781
0.148339
0.624281
0.320088
0.537106
0.305159
0.619940
0.422568
0.429842
0.018478
0.062081
0.506214
0.732315
0.918730
0.496777
0.388862
0.885587
0.124801
0.662464
0.151351
0.984515
0.753427
0.199395
0.756452
0.999676
0.967347
0.052354
0.719128
0.165387
0.964240
0.544105
0.415940
0.252075
0.347599
0.589175
0.446162
0.364873
0.559786
0.652683
0.385393
0.155961
0.159538
0.542178
0.679187
0.115779
0.218114
0.433029
0.137338
0.681273
0.721379
0.584149
0.957092
0.395567
0.273797
0.688559
0.610315
0.490634
0.561340
0.463122
0.237576
0.986677
0.965668
0.115541
0.063461
0.265485
0.125288
0.280344
0.606330
0.974521
0.992569
0.350147
0.727035
0.346273
0.456082
0.622209
0.000000
0.000000
0.098525
0.670079
0.625812
0.855235
0.728577
0.934154
0.449845
0.074755
0.243003
0.268469
0.875126
0.328431
0.654399
0.187561
0.179525
0.820686
0.327499
0.712484
0.673906
0.363158
0.490969
0.538413
0.558098
0.215565
0.395427
0.884225
0.175552
0.906086
0.382836
0.740421
0.875390
0.743625
0.916676
0.259771
0.655488
0.658659
0.150278
0.554104
0.461066
0.025077
0.215015
0.898076
0.010657
0.431849
0.449437
0.934966
0.256749
0.018057
0.501790
0.718163
0.252062
0.447713
0.930847
0.124752
0.143921
0.417627
0.408497
0.840414
0.115783
0.573331
0.573831
0.890366
0.434968
0.487261
0.170020
0.296275
0.660438
0.188786
0.193191
0.277845
0.276368
0.330398
0.699433
0.909360
0.510876
0.130393
0.639541
0.345343
0.054106
0.785272
0.607780
0.374240
0.244556
0.205443
0.787584
0.920750
0.044583
0.360731
0.503245
0.932106
0.356479
0.582392
0.212245
0.518154
0.205296
0.877663
0.088963
0.680626
0.095549
0.936303
0.000000
0.000000
0.181807
0.801559
0.968105
0.887144
0.139183
0.813696
0.541799
0.154897
0.280226
0.579059
0.292019
0.519215
0.906312
0.730947
0.334034
0.732643
0.857962
0.936950
0.239183
0.198795
0.645541
0.258662
0.200118
0.198631
0.730510
0.576230
0.119805
0.100553
0.416713
0.614228
0.347941
0.464899
0.832453
0.846692
0.315651
0.031771
0.349966
0.838471
0.726650
0.297065
0.579802
0.208132
0.518506
0.670619
0.199095
0.385861
0.577965
0.569345
0.525910
0.119758
0.849883
0.310069
0.153238
0.893263
0.184028
0.090127
0.569733
0.289859
0.080690
0.467726
0.982324
0.314339
0.829979
0.304528
0.992395
0.046555
0.293192
0.382838
0.321708
0.049846
0.293300
0.678576
0.367349
0.363486
0.775028
0.859674
0.974796
0.424815
0.268340
0.965023
0.836423
0.577316
0.756370
0.461174
0.447852
0.279193
0.961168
0.803875
0.870799
0.696383
0.650866
0.038133
0.499781
0.541718
0.190045
0.325568
0.420984
0.150126
0.848310
0.061520
0.000000
0.000000
0.841038
0.898071
0.336197
0.420709
0.725130
0.300478
0.696546
0.289507
0.646766
0.491376
0.616583
0.861131
0.827957
0.049119
0.642564
0.158805
0.208470
0.345749
0.249324
0.860432
0.957203
0.148349
0.076768
0.532316
0.358765
0.199985
0.371983
0.585646
0.223062
0.215493
0.226308
0.163639
0.505221
0.887126
0.745191
0.089721
0.363354
0.895772
0.260270
0.848503
0.040694
0.040993
0.660432
0.496072
0.639897
0.253990
0.634977
0.698529
0.160587
0.875512
0.812486
0.177232
0.218714
0.591948
0.659073
0.331153
0.371316
0.932190
0.513714
0.736982
0.383644
0.503666
0.672901
0.867964
0.268749
0.523602
0.722224
0.631804
0.802777
0.339550
0.046203
0.448648
0.478422
0.246520
0.566807
0.673630
0.675466
0.438287
0.388955
0.630671
0.324360
0.687117
0.211108
0.079860
0.389474
0.618388
0.422230
0.962500
0.640877
0.366977
0.142703
0.322334
0.851402
0.458737
0.053885
0.616589
0.483609
0.132374
0.356554
0.273880
0.000000
0.000000
0.428876
0.375052
0.117792
0.572202
0.862089
0.107948
0.094579
0.406139
0.649342
0.209840
0.306871
0.674518
0.917312
0.167920
0.975543
0.475491
0.602239
0.101327
0.917604
0.417861
0.485435
0.291498
0.436432
0.956408
0.751441
0.584170
0.427527
0.777958
0.994002
0.824058
0.217683
0.645188
0.024662
0.169138
0.287074
0.863952
0.148309
0.959124
0.122390
0.171920
0.031972
0.545590
0.340325
0.836800
0.479576
0.317316
0.662040
0.521986
0.749770
0.029213
0.279088
0.248819
0.766412
0.180535
0.828469
0.939388
0.598266
0.228373
0.642519
0.088164
0.916252
0.576464
0.730265
0.747390
0.344855
0.463868
0.496447
0.288704
0.948885
0.114209
0.809971
0.947166
0.597062
0.772255
0.447347
0.508486
0.585730
0.385532
0.965724
0.889021
0.352859
0.553356
0.127526
0.299184
0.547781
0.685744
0.825021
0.505252
0.110852
0.397131
0.425635
0.296825
0.608490
0.762210
0.459298
0.431954
0.905796
0.024962
0.471846
0.894293
0.000000
0.000000
0.434344
0.640642
0.168308
0.275960
0.426477
0.390604
0.182108
0.091014
0.479639
0.895471
0.429346
0.131265
0.500260
0.237287
0.268059
0.503241
0.185097
0.437738
0.145890
0.081553
0.238851
0.135633
0.762214
0.825628
0.792437
0.449125
0.323006
0.796010
0.833949
0.313075
0.751121
0.778563
0.509259
0.935539
0.129681
0.312846
0.980329
0.579294
0.000447
0.126849
0.015712
0.829639
0.991570
0.675324
0.115381
0.191353
0.801794
0.975268
0.932207
0.513454
0.094682
0.572589
0.184565
0.482710
0.915175
0.691819
0.104162
0.739132
0.837320
0.948056
0.149782
0.569329
0.846209
0.435305
0.776841
0.936741
0.067308
0.447009
0.898759
0.492834
0.975697
0.935644
0.805850
0.077758
0.954869
0.145039
0.842180
0.542608
0.802236
0.525252
0.893888
0.095770
0.560307
0.127334
0.336837
0.007214
0.074360
0.554459
0.728421
0.415810
0.637629
0.025850
0.651432
0.403715
0.922347
0.327139
0.793200
0.694491
0.619234
0.235262
0.000000
0.000000
0.565399
0.545283
0.779823
0.937140
0.757814
0.295294
0.354835
0.531246
0.556215
0.315016
0.019145
0.429300
0.837476
0.521093
0.403741
0.017678
0.796822
0.986992
0.168301
0.840975
0.943792
0.866418
0.409533
0.025937
0.746396
0.002331
0.243332
0.484627
0.995192
0.731384
0.444201
0.013283
0.336693
0.074476
0.892059
0.746232
0.429845
0.395311
0.399390
0.979994
0.085789
0.916360
0.894214
0.362342
0.145899
0.346539
0.237034
0.641975
0.555062
0.119844
0.564901
0.725184
0.001468
0.853404
0.575267
0.631304
0.388754
0.174953
0.797778
0.782801
0.821869
0.677253
0.950783
0.263345
0.694795
0.920757
0.056144
0.826300
0.186377
0.153240
0.392719
0.680842
0.299173
0.483587
0.543778
0.143417
0.072299
0.607836
0.052056
0.759011
0.903857
0.328094
0.547450
0.072963
0.559328
0.955518
0.524583
0.541889
0.271191
0.192208
0.543758
0.497535
0.921861
0.807237
0.418865
0.042032
0.819138
0.316893
0.475109
0.426995
0.000000
0.000000
0.785546
0.431398
0.070284
0.329101
0.208084
0.758668
0.021532
0.701140
0.519727
0.420583
0.486767
0.875117
0.976280
0.048664
0.069605
0.718944
0.442710
0.453595
0.407612
0.788366
0.087419
0.318446
0.464494
0.930168
0.624525
0.788502
0.662316
0.378859
0.876460
0.612316
0.291847
0.277576
0.433325
0.576638
0.511343
0.638414
0.693953
0.842026
0.534347
0.475300
0.960727
0.895717
0.493850
0.481904
0.290333
0.244845
0.586721
0.176729
0.846005
0.486399
0.367152
0.449165
0.533461
0.865976
0.967823
0.714579
0.252529
0.129705
0.963702
0.912355
0.004613
0.116684
0.780095
0.403735
0.391094
0.754650
0.589053
0.324672
0.041137
0.790821
0.843735
0.332367
0.107860
0.742377
0.376637
0.148494
0.455932
0.261711
0.650117
0.111332
0.334194
0.022380
0.926380
0.361354
0.976088
0.063132
0.670697
0.845214
0.637161
0.002500
0.330501
0.438683
0.934195
0.732467
0.977812
0.840932
0.480815
0.594307
0.000094
0.564591
0.000000
0.000000
0.227790
0.164116
0.865110
0.440780
0.863834
0.468776
0.719681
0.993264
0.889874
0.680461
0.038133
0.953598
0.159588
0.064109
0.769652
0.397763
0.615159
0.949734
0.062479
0.057113
0.291935
0.308467
0.284019
0.166454
0.350921
0.181528
0.256688
0.159123
0.006062
0.812332
0.422330
0.956226
0.105819
0.720115
0.086305
0.099464
0.419103
0.566969
0.124001
0.103389
0.550784
0.773021
0.633551
0.097276
0.559306
0.167503
0.723640
0.120038
0.556227
0.966528
0.438075
0.788227
0.906852
0.030252
0.656819
0.605203
0.415862
0.983055
0.825838
0.266384
0.259741
0.978807
0.378798
0.924840
0.563646
0.827056
0.653053
0.956190
0.902334
0.417445
0.328935
0.134253
0.609791
0.848280
0.268336
0.206846
0.558102
0.585175
0.075127
0.745554
0.544356
0.058511
0.784062
0.273783
0.640991
0.348960
0.835801
0.446755
0.487340
0.930964
0.466211
0.070095
0.316135
0.715865
0.779707
0.068360
0.498625
0.163829
0.405235
0.101612
0.000000
0.000000
0.463878
0.429104
0.456266
0.961516
0.701734
0.703796
0.330535
0.095345
0.768368
0.740981
0.967932
0.201760
0.190586
0.778172
0.270599
0.512485
0.165135
0.278801
0.062533
0.306371
0.577343
0.136929
0.808665
0.950666
0.213903
0.827531
0.601915
0.705563
0.121864
0.639821
0.851152
0.521898
0.405297
0.561934
0.138467
0.326172
0.659183
0.111833
0.136986
0.796665
0.387266
0.365705
0.062073
0.437533
0.818057
0.156696
0.910907
0.173100
0.194163
0.897956
0.930550
0.830156
0.882781
0.919869
0.020705
0.715622
0.418913
0.669599
0.066566
0.998087
0.465407
0.782059
0.804082
0.916314
0.185418
0.527408
0.368162
0.051569
0.566074
0.140148
0.761548
0.253255
0.455594
0.398376
0.224727
0.252378
0.369226
0.483554
0.597707
0.572952
0.601665
0.247388
0.815834
0.153099
0.409764
0.146097
0.009897
0.728002
0.588059
0.443532
0.572780
0.971698
0.476097
0.528375
0.889780
0.327317
0.374752
0.210418
0.682113
0.668988
0.000000
0.000000
0.083693
0.949590
0.817687
0.933678
0.274460
0.988287
0.272706
0.596728
0.247074
0.396489
0.145046
0.935402
0.785423
0.418131
0.824884
0.622116
0.952549
0.784703
0.925131
0.689512
0.559962
0.444504
0.903955
0.214127
0.395525
0.079225
0.332147
0.233240
0.812137
0.618611
0.282677
0.646077
0.341064
0.195545
0.135963
0.448662
0.989862
0.990203
0.025000
0.436902
0.833036
0.756594
0.263191
0.714784
0.550766
0.213740
0.770380
0.237094
0.411063
0.551004
0.298633
0.320779
0.138382
0.341050
0.846914
0.792953
0.171519
0.361762
0.722612
0.161339
0.392007
0.644387
0.528587
0.987056
0.094125
0.483179
0.738229
0.963958
0.910047
0.108861
0.516525
0.513254
0.973785
0.721205
0.375376
0.519806
0.372580
0.145111
0.826806
0.154708
0.686291
0.810495
0.372747
0.567159
0.214744
0.932638
0.334598
0.865246
0.673039
0.163975
0.902743
0.733003
0.119677
0.139790
0.741734
0.875908
0.126574
0.207677
0.069794
0.920270
0.000000
0.000000
0.373351
0.563075
0.254477
0.845613
0.387425
0.163052
0.155944
0.361794
0.713669
0.206143
0.895795
0.809106
0.265522
0.277563
0.020934
0.057300
0.830574
0.513286
0.739143
0.598316
0.399931
0.108385
0.535688
0.002497
0.288294
0.907124
0.977752
0.686614
0.682324
0.259543
0.555421
0.927253
0.396289
0.988617
0.562516
0.623238
0.393432
0.393755
0.397104
0.074972
0.893591
0.880237
0.162687
0.925243
0.185990
0.988117
0.605678
0.525503
0.675850
0.553311
0.474129
0.233246
0.984930
0.028499
0.762053
0.221058
0.246628
0.787901
0.366718
0.715211
0.124984
0.347660
0.239988
0.241324
0.792484
0.971596
0.623063
0.318485
0.738393
0.325036
0.209738
0.857666
0.599009
0.681506
0.100991
0.691490
0.718629
0.861949
0.304426
0.703120
0.527827
0.924677
0.705273
0.530214
0.453047
0.954228
0.210634
0.613748
0.837159
0.639661
0.703019
0.936529
0.801384
0.102154
0.792987
0.671833
0.085676
0.566549
0.941581
0.287392
0.000000
0.000000
0.876405
0.601590
0.933231
0.365210
0.025328
0.974187
0.285188
0.156490
0.503160
0.775293
0.542659
0.163020
0.006213
0.122746
0.995602
0.766046
0.119807
0.282913
0.531398
0.067829
0.233028
0.987174
0.508636
0.901181
0.420624
0.647605
0.847047
0.240484
0.246288
0.691703
0.016495
0.692048
0.029686
0.347369
0.950829
0.432265
0.585517
0.941271
0.335667
0.942575
0.510966
0.373566
0.498665
0.665868
0.499703
0.447155
0.134828
0.036299
0.708139
0.140523
0.228321
0.981971
0.737481
0.001408
0.726319
0.089686
0.008359
0.531018
0.047024
0.816697
0.288322
0.508077
0.978018
0.327101
0.490801
0.241791
0.236790
0.375952
0.893873
0.121117
0.970066
0.495567
0.862503
0.151645
0.383710
0.663015
0.721222
0.938055
0.917350
0.000821
0.574982
0.120157
0.022654
0.078425
0.109118
0.935572
0.060089
0.415304
0.200418
0.138032
0.744689
0.629337
0.991897
0.804300
0.306358
0.056580
0.435170
0.949696
0.688250
0.691882
0.000000
0.000000
0.232510
0.610393
0.253260
0.162532
0.867658
0.287423
0.264153
0.006934
0.610003
0.614500
0.295982
0.768432
0.341481
0.842997
0.449323
0.308956
0.074352
0.912027
0.987850
0.606114
0.395022
0.729751
0.039978
0.634311
0.668590
0.440238
0.184068
0.169671
0.059502
0.144244
0.218580
0.711129
0.552779
0.040723
0.055751
0.713923
0.481893
0.829012
0.711052
0.810441
0.009034
0.615572
0.416198
0.808051
0.938607
0.350644
0.741528
0.530375
0.526602
0.223479
0.105046
0.433916
0.636814
0.429920
0.205551
0.429979
0.483136
0.740189
0.680571
0.703696
0.969153
0.183556
0.389387
0.257373
0.985023
0.151705
0.064976
0.731808
0.279839
0.965615
0.491429
0.843424
0.398325
0.016429
0.402146
0.518398
0.269914
0.977425
0.529765
0.661327
0.870756
0.251481
0.264558
0.581325
0.189207
0.437100
0.996046
0.341676
0.255717
0.460705
0.968027
0.793549
0.349093
0.031294
0.635777
0.965700
0.434072
0.771127
0.269641
0.748720
0.000000
0.000000
0.751512
0.633650
0.961096
0.027756
0.426294
0.989229
0.973348
0.774948
0.026972
0.238480
0.470266
0.881478
0.203240
0.730725
0.125378
0.104492
0.773230
0.494626
0.548083
0.808546
0.297386
0.384763
0.119393
0.971708
0.525177
0.887936
0.556847
0.353552
0.543402
0.027370
0.285282
0.070965
0.453164
0.484411
0.614108
0.968730
0.738920
0.561570
0.462761
0.991216
0.935311
0.335534
0.038227
0.502842
0.538742
0.073559
0.537913
0.323105
0.565251
0.420026
0.255030
0.463193
0.437659
0.537242
0.559682
0.324003
0.875632
0.708927
0.237239
0.096440
0.520392
0.485265
0.399285
0.202324
0.810217
0.960356
0.897695
0.865670
0.092527
0.944499
0.725071
0.682306
0.371944
0.178885
0.459937
0.303417
0.722673
0.811052
0.313938
0.260496
0.310961
0.503019
0.674983
0.029035
0.064952
0.258790
0.422328
0.320238
0.486992
0.674359
0.106843
0.987101
0.115617
0.206090
0.235675
0.391933
0.680706
0.929535
0.706455
0.231591
0.000000
0.000000
0.659200
0.452565
0.585322
0.392498
0.012759
0.874900
0.546545
0.297318
0.171129
0.418913
0.305601
0.632981
0.081203
0.940074
0.416834
0.555624
0.329303
0.804437
0.181252
0.056430
0.549652
0.102939
0.242573
0.322414
0.347043
0.038955
0.316532
0.152381
0.811910
0.836399
0.958694
0.766821
0.752202
0.144540
0.354241
0.549778
0.610396
0.511578
0.713752
0.872604
0.717429
0.458097
0.592859
0.593395
0.837871
0.425937
0.090061
0.385218
0.072485
0.130927
0.937070
0.885046
0.161995
0.229279
0.516597
0.035334
0.714885
0.140864
0.925756
0.577319
0.263020
0.392198
0.620853
0.211796
0.089778
0.453763
0.933309
0.362828
0.388170
0.421215
0.132317
0.476646
0.654960
0.839834
0.370506
0.022224
0.864001
0.628209
0.185192
0.670483
0.296308
0.193628
0.225186
0.132849
0.281540
0.029344
0.296115
0.156066
0.947311
0.682537
0.816638
0.590682
0.268587
0.392127
0.800181
0.894437
0.332520
0.611150
0.818469
0.678848
0.000000
0.000000
0.747922
0.869872
0.147362
0.695114
0.672468
0.906370
0.692084
0.956109
0.554852
0.382740
0.085046
0.841545
0.280416
0.248013
0.885753
0.899525
0.480625
0.660446
0.401706
0.711955
0.669764
0.941836
0.721616
0.154418
0.990331
0.376692
0.288018
0.968425
0.628443
0.641341
0.708277
0.543290
0.576080
0.078214
0.283292
0.853306
0.930954
0.111854
0.418260
0.998629
0.471553
0.298268
0.728710
0.508099
0.399190
0.687352
0.786375
0.290928
0.015420
0.676083
0.743911
0.691245
0.984341
0.021749
0.029464
0.080207
0.179809
0.799715
0.738492
0.473292
0.124980
0.608272
0.143610
0.106461
0.215667
0.812751
0.885293
0.566122
0.495788
0.305720
0.208629
0.526034
0.111933
0.590400
0.107967
0.343440
0.339196
0.368601
0.560261
0.222192
0.357007
0.149615
0.329230
0.418159
0.053061
0.876623
0.829915
0.062873
0.442366
0.138748
0.818318
0.164349
0.847838
0.638787
0.865683
0.771299
0.345793
0.877911
0.797864
0.652859
0.000000
0.000000
0.343498
0.810226
0.363702
0.013856
0.110990
0.699620
0.215836
0.031225
0.528603
0.103098
0.502088
0.999620
0.558254
0.181780
0.320853
0.110974
0.419273
0.897372
0.449038
0.265569
0.214315
0.067430
0.217397
0.117732
0.347651
0.788187
0.252927
0.953721
0.586640
0.728765
0.739329
0.015956
0.025168
0.092325
0.712525
0.523876
0.109232
0.371994
0.580603
0.665512
0.978475
0.588353
0.261274
0.388120
0.554765
0.513075
0.972907
0.291813
0.517494
0.253401
0.365326
0.857942
0.006373
0.286555
0.393554
0.295622
0.338392
0.961994
0.433998
0.636756
0.436086
0.268091
0.742656
0.751139
0.974370
0.347926
0.720478
0.098374
0.044576
0.965396
0.013704
0.607190
0.770328
0.825485
0.034116
0.993827
0.861614
0.417065
0.706760
0.201091
0.663827
0.843246
0.379028
0.441138
0.626027
0.987892
0.323537
0.486917
0.900205
0.216947
0.204939
0.264361
0.328658
0.311015
0.102626
0.902713
0.142067
0.879254
0.702849
0.745753
0.000000
0.000000
0.087248
0.424128
0.597046
0.167544
0.851813
0.589019
0.223163
0.930299
0.655776
0.723441
0.603309
0.355769
0.456371
0.672272
0.159660
0.135263
0.787988
0.838465
0.432084
0.367992
0.417759
0.273274
0.522936
0.841685
0.839870
0.598281
0.702394
0.945388
0.401982
0.158838
0.066929
0.160180
0.745272
0.004558
0.399854
0.383128
0.463218
0.369273
0.708547
0.601456
0.705693
0.984272
0.796723
0.228959
0.452082
0.200631
0.069748
0.992373
0.506026
0.883848
0.465110
0.605410
0.563404
0.416772
0.856650
0.419761
0.355920
0.889378
0.699115
0.370683
0.545057
0.073671
0.238889
0.123304
0.516102
0.756113
0.842875
0.495278
0.486064
0.166496
0.567267
0.489639
0.385188
0.673806
0.452439
0.126097
0.874375
0.559306
0.775194
0.735603
0.700658
0.753162
0.788979
0.343554
0.737242
0.875546
0.959820
0.546456
0.695259
0.067702
0.983856
0.484764
0.878905
0.326427
0.291525
0.772836
0.014384
0.959850
0.090772
0.149968
0.000000
0.000000
0.352765
0.475962
0.065652
0.633197
0.957127
0.390115
0.801819
0.054887
0.044663
0.580658
0.544884
0.809676
0.424929
0.068468
0.019701
0.969099
0.607894
0.171088
0.017237
0.257039
0.717050
0.374205
0.676121
0.709166
0.199475
0.723726
0.862338
0.674628
0.008635
0.628083
0.545741
0.224247
0.976173
0.070996
0.801357
0.873654
0.713647
0.328100
0.536292
0.121780
0.086119
0.741363
0.104691
0.275820
0.496070
0.881229
0.311506
0.985639
0.634737
0.382104
0.081674
0.840912
0.721984
0.154300
0.886588
0.675724
0.415331
0.080902
0.803191
0.745496
0.679447
0.906282
0.372236
0.813096
0.324714
0.533873
0.057001
0.978153
0.050867
0.518372
0.454508
0.015120
0.639247
0.790874
0.490314
0.111753
0.565598
0.868587
0.214365
0.696143
0.667141
0.378073
0.731442
0.420529
0.703905
0.063405
0.753138
0.898040
0.546906
0.472070
0.788136
0.186475
0.856643
0.688723
0.058646
0.535512
0.256519
0.774368
0.999504
0.534286
0.000000
0.000000
0.786423
0.009489
0.105258
0.395023
0.610525
0.456181
0.265107
0.757201
0.935932
0.366216
0.277428
0.101015
0.774487
0.792801
0.120232
0.803452
0.506035
0.091902
0.516369
0.997747
0.036125
0.331463
0.663561
0.410659
0.963981
0.378804
0.458864
0.950786
0.554224
0.772358
0.683243
0.844601
0.978072
0.672647
0.158681
0.781945
0.542157
0.301989
0.425732
0.327427
0.741271
0.027354
0.403448
0.684004
0.902680
0.157580
0.747298
0.616523
0.077366
0.936555
0.800517
0.067460
0.066673
0.257674
0.593416
0.777647
0.747007
0.334206
0.342506
0.592522
0.072348
0.668378
0.594087
0.138821
0.469895
0.283553
0.469997
0.643798
0.569847
0.564014
0.149121
0.211768
0.428527
0.717567
0.538491
0.974265
0.072000
0.127772
0.655927
0.251001
0.551413
0.461131
0.748929
0.210629
0.382617
0.650427
0.021601
0.992885
0.565473
0.705234
0.104449
0.578075
0.248974
0.901843
0.978490
0.490334
0.618228
0.217461
0.818976
0.364066
0.000000
0.000000
0.548699
0.784243
0.669685
0.423603
0.367198
0.707121
0.018253
0.154778
0.498933
0.497167
0.547983
0.089729
0.572597
0.525245
0.746879
0.558599
0.188147
0.210846
0.916177
0.607881
0.803156
0.942607
0.933414
0.868207
0.953273
0.256733
0.691301
0.093171
0.360167
0.632365
0.893004
0.301996
0.031496
0.437803
0.019258
0.560647
0.405204
0.000347
0.481023
0.009684
0.378122
0.744693
0.409490
0.430172
0.048999
0.077942
0.378115
0.745730
0.823055
0.570912
0.027809
0.297528
0.279176
0.226530
0.280476
0.200938
0.188467
0.554966
0.903606
0.355696
0.035068
0.617930
0.120336
0.954807
0.081077
0.393314
0.474847
0.741594
0.487232
0.471369
0.885325
0.693441
0.888800
0.523358
0.812101
0.932948
0.055509
0.392729
0.599428
0.852131
0.557861
0.837073
0.797183
0.744475
0.510983
0.320954
0.311186
0.453177
0.984318
0.635478
0.347068
0.730050
0.193469
0.896732
0.190493
0.402842
0.391535
0.890921
0.534886
0.274040
0.000000
0.000000
0.868368
0.729410
0.669463
0.957599
0.025825
0.919066
0.119955
0.667987
0.614033
0.255386
0.626579
0.552168
0.775495
0.519202
0.212965
0.617811
0.744765
0.023315
0.726766
0.043191
0.092215
0.281452
0.445155
0.045549
0.383732
0.293967
0.490620
0.275674
0.334398
0.877832
0.859438
0.572164
0.628792
0.859445
0.133286
0.795267
0.198794
0.766555
0.594280
0.085212
0.142569
0.760435
0.804470
0.819202
0.544664
0.865161
0.611815
0.945763
0.185936
0.535905
0.723952
0.575959
0.270259
0.739224
0.229399
0.131154
0.346362
0.010241
0.575264
0.519664
0.139655
0.521804
0.254516
0.841018
0.387656
0.162608
0.672403
0.570823
0.701109
0.724070
0.707754
0.711204
0.256337
0.869135
0.914302
0.093747
0.612394
0.517895
0.509459
0.582667
0.664117
0.025754
0.458641
0.160948
0.830292
0.896425
0.724607
0.108407
0.990147
0.900184
0.406511
0.349558
0.193441
0.949989
0.228848
0.654412
0.692957
0.125159
0.869354
0.117669
0.000000
0.000000
0.060630
0.246886
0.941513
0.133864
0.149131
0.775579
0.585905
0.781947
0.108481
0.207075
0.998493
0.246373
0.989771
0.886240
0.002142
0.728415
0.493357
0.690096
0.475325
0.312342
0.859326
0.141305
0.832585
0.925300
0.354816
0.529898
0.951253
0.956718
0.745089
0.736950
0.743027
0.409738
0.932461
0.892673
0.851451
0.721085
0.628951
0.196085
0.944106
0.857375
0.629909
0.172043
0.346790
0.958329
0.311166
0.143305
0.122838
0.058593
0.672261
0.954716
0.702156
0.759334
0.080645
0.630577
0.402236
0.429136
0.196483
0.063134
0.853536
0.824317
0.571133
0.310959
0.421165
0.105842
0.459291
0.995691
0.895046
0.546166
0.383200
0.022748
0.099533
0.048436
0.162761
0.658684
0.530211
0.659872
0.137433
0.417476
0.631834
0.067282
0.629212
0.576107
0.221579
0.686014
0.424707
0.396514
0.960337
0.931742
0.641759
0.657046
0.287506
0.651006
0.764768
0.434231
0.711151
0.571905
0.221911
0.883466
0.011028
0.054465
0.000000
0.000000
0.139227
0.492435
0.743279
0.914220
0.530299
0.059247
0.575330
0.877043
0.147934
0.575271
0.104038
0.930374
0.895852
0.349489
0.959007
0.991074
0.184946
0.382336
0.500557
0.756117
0.596101
0.209885
0.366290
0.303289
0.737202
0.131115
0.713340
0.173012
0.507474
0.554553
0.756653
0.821951
0.524605
0.684886
0.410316
0.617188
0.542481
0.816399
0.013973
0.367950
0.506912
0.448191
0.145493
0.070413
0.567692
0.703423
0.172907
0.833908
0.448175
0.709520
0.467907
0.573774
0.847582
0.261426
0.169756
0.282022
0.711319
0.626962
0.408067
0.501494
0.024725
0.238622
0.532056
0.157790
0.643084
0.492735
0.939950
0.872328
0.932637
0.397102
0.859370
0.727179
0.399329
0.330392
0.448618
0.426205
0.095842
0.806445
0.857685
0.847560
0.350105
0.144890
0.424897
0.673095
0.375734
0.155092
0.760278
0.483718
0.914143
0.375692
0.556306
0.573905
0.306904
0.991904
0.142871
0.915896
0.043028
0.130200
0.330595
0.610904
0.000000
0.000000
0.856746
0.102131
0.184403
0.731873
0.109965
0.609818
0.895156
0.247006
0.562578
0.648904
0.809516
0.393990
0.714273
0.709865
0.588956
0.431158
0.455341
0.617511
0.371971
0.315464
0.793824
0.112761
0.374163
0.175235
0.333272
0.931230
0.652682
0.533140
0.120747
0.551667
0.810350
0.587552
0.431577
0.895425
0.776230
0.896603
0.300201
0.919406
0.861841
0.075632
0.439400
0.777842
0.327782
0.284917
0.878642
0.989652
0.738883
0.921585
0.742679
0.040358
0.967829
0.857825
0.722879
0.235742
0.604598
0.916252
0.827543
0.272134
0.518498
0.838646
0.994991
0.912386
0.499878
0.848519
0.737651
0.421056
0.945995
0.434773
0.592959
0.246229
0.007020
0.624476
0.146257
0.308399
0.265855
0.148248
0.318729
0.862894
0.823726
0.954465
0.920235
0.699553
0.488018
0.929914
0.353559
0.769400
0.226350
0.501710
0.477866
0.826843
0.760614
0.772927
0.245825
0.384707
0.411023
0.009885
0.535757
0.723161
0.899327
0.562177
0.000000
0.000000
0.000000
0.000000
0.000000
0.000000
0.000000
0.000000
0.000000
0.000000
0.000000
0.000000
0.000000
0.000000
0.000000
0.000000
0.000000
0.000000
0.000000
0.000000
0.000000
0.000000
0.000000
0.000000
0.000000
0.000000
0.000000
0.000000
0.000000
0.000000
0.000000
0.000000
0.000000
0.000000
0.000000
0.000000
0.000000
0.000000
0.000000
0.000000
0.000000
0.000000
0.000000
0.000000
0.000000
0.000000
0.000000
0.000000
0.000000
0.000000
0.000000
0.000000
0.000000
0.000000
0.000000
0.000000
0.000000
0.000000
0.000000
0.000000
0.000000
0.000000
0.000000
0.000000
0.000000
0.000000
0.000000
0.000000
0.000000
0.000000
0.000000
0.000000
0.000000
0.000000
0.000000
0.000000
0.000000
0.000000
0.000000
0.000000
0.000000
0.000000
0.000000
0.000000
0.000000
0.000000
0.000000
0.000000
0.000000
0.000000
0.000000
0.000000
0.000000
0.000000
0.000000
0.000000
0.000000
0.000000
0.000000
0.000000
0.000000
0.000000
0.000000
