102
102
0.000000
0.000000
0.000000
0.000000
0.000000
0.000000
0.000000
0.000000
0.000000
0.000000
0.000000
0.000000
0.000000
0.000000
0.000000
0.000000
0.000000
0.000000
0.000000
0.000000
0.000000
0.000000
0.000000
0.000000
0.000000
0.000000
0.000000
0.000000
0.000000
0.000000
0.000000
0.000000
0.000000
0.000000
0.000000
0.000000
0.000000
0.000000
0.000000
0.000000
0.000000
0.000000
0.000000
0.000000
0.000000
0.000000
0.000000
0.000000
0.000000
0.000000
0.000000
0.000000
0.000000
0.000000
0.000000
0.000000
0.000000
0.000000
0.000000
0.000000
0.000000
0.000000
0.000000
0.000000
0.000000
0.000000
0.000000
0.000000
0.000000
0.000000
0.000000
0.000000
0.000000
0.000000
0.000000
0.000000
0.000000
0.000000
0.000000
0.000000
0.000000
0.000000
0.000000
0.000000
0.000000
0.000000
0.000000
0.000000
0.000000
0.000000
0.000000
0.000000
0.000000
0.000000
0.000000
0.000000
0.000000
0.000000
0.000000
0.000000
0.000000
0.000000
0.000000
0.561998
0.970202
0.090271
0.017243
0.231177
0.064145
0.504105
0.233783
0.984997
0.605635
0.478654
0.799632
0.368936
0.651629
0.072565
0.125020
0.177600
0.299796
0.822566
0.687749
0.946997
0.731359
0.040505
0.945048
0.944057
0.090236
0.136973
0.365722
0.133929
0.502179
0.716152
0.624656
0.108263
0.366414
0.098529
0.813984
0.999101
0.638624
0.305070
0.854112
0.936674
0.066089
0.729651
0.803489
0.078735
0.468057
0.687714
0.084297
0.944204
0.121633
0.704525
0.807958
0.520999
0.559725
0.921523
0.963540
0.055917
0.293909
0.984432
0.290064
0.077396
0.359342
0.329352
0.629422
0.413607
0.578386
0.477513
0.703046
0.922699
0.305226
0.536405
0.674854
0.815036
0.711306
0.774838
0.859281
0.275786
0.182148
0.349295
0.925305
0.380161
0.510274
0.414259
0.287836
0.724421
0.732321
0.469398
0.360889
0.840327
0.161677
0.372808
0.617740
0.193327
0.458746
0.744621
0.802418
0.688129
0.351530
0.534498
0.300912
0.000000
0.000000
0.977473
0.442657
0.283780
0.676443
0.471246
0.752203
0.290036
0.759272
0.701551
0.589011
0.290427
0.087412
0.223852
0.868586
0.202061
0.034047
0.832192
0.119510
0.752660
0.726242
0.440144
0.366399
0.203925
0.831811
0.557876
0.921203
0.755349
0.808674
0.616722
0.678338
0.986871
0.014542
0.230603
0.330986
0.247392
0.466373
0.171563
0.946895
0.362284
0.085768
0.967543
0.257648
0.049050
0.096863
0.441562
0.613741
0.156371
0.454333
0.553069
0.856417
0.238662
0.361507
0.450713
0.889304
0.280976
0.320119
0.717339
0.572473
0.805537
0.568306
0.858264
0.470133
0.782064
0.994368
0.548072
0.455712
0.861245
0.736434
0.365237
0.939059
0.679618
0.062279
0.919091
0.184333
0.468807
0.362655
0.480524
0.023212
0.167949
0.778550
0.521375
0.701931
0.691299
0.787397
0.353541
0.209888
0.667344
0.653655
0.943239
0.606893
0.543410
0.599881
0.291012
0.473821
0.610243
0.759545
0.350529
0.938407
0.142446
0.351639
0.000000
0.000000
0.553385
0.949367
0.679232
0.219676
0.655160
0.680342
0.069145
0.108638
0.503933
0.604162
0.072566
0.622333
0.288745
0.038870
0.434805
0.165541
0.211317
0.674929
0.658614
0.539928
0.491170
0.019681
0.881859
0.321427
0.648868
0.809932
0.921493
0.801718
0.378168
0.808854
0.039180
0.204812
0.681419
0.620491
0.862480
0.456942
0.902152
0.133411
0.204323
0.887474
0.327364
0.198300
0.269280
0.541384
0.073586
0.697239
0.639008
0.666655
0.603415
0.370174
0.532979
0.311752
0.188311
0.859365
0.451930
0.559963
0.688779
0.787401
0.799497
0.934078
0.700758
0.724175
0.194528
0.886306
0.469387
0.907411
0.541309
0.149140
0.867800
0.747398
0.770195
0.240331
0.136429
0.788005
0.887543
0.353378
0.537995
0.401759
0.097850
0.791818
0.248384
0.461968
0.285416
0.100284
0.585925
0.005471
0.237438
0.993375
0.747199
0.089066
0.069072
0.793389
0.004480
0.215007
0.273530
0.703610
0.806096
0.659627
0.469420
0.763321
0.000000
0.000000
0.589633
0.742500
0.615704
0.285151
0.122657
0.478810
0.503382
0.227246
0.579749
0.260994
0.052278
0.280905
0.765974
0.366780
0.171989
0.496411
0.637718
0.338613
0.997422
0.883539
0.945504
0.951390
0.023116
0.462260
0.708773
0.882461
0.127628
0.332789
0.285173
0.228669
0.555532
0.469818
0.264562
0.935517
0.968885
0.215723
0.161926
0.456090
0.254821
0.265933
0.990797
0.559070
0.847807
0.325936
0.235388
0.726508
0.137710
0.589025
0.685356
0.940638
0.790944
0.146228
0.758810
0.407433
0.362170
0.899354
0.457344
0.166899
0.344456
0.050395
0.093586
0.163681
0.631817
0.743317
0.779221
0.520808
0.022422
0.599494
0.338167
0.784383
0.895873
0.425906
0.998145
0.830769
0.628842
0.787793
0.982830
0.179322
0.433295
0.415756
0.963920
0.107551
0.811262
0.459526
0.625618
0.787195
0.924702
0.927780
0.990068
0.920339
0.431128
0.777671
0.419223
0.663853
0.195440
0.173632
0.956456
0.985037
0.941378
0.301473
0.000000
0.000000
0.926621
0.530584
0.860271
0.272945
0.942577
0.519915
0.481509
0.269316
0.623717
0.955393
0.437747
0.872423
0.701410
0.477282
0.389400
0.392550
0.166658
0.385077
0.244875
0.810566
0.317181
0.561342
0.292744
0.806031
0.184548
0.020939
0.381052
0.128475
0.025662
0.422075
0.852404
0.177467
0.113164
0.133952
0.152841
0.523783
0.498440
0.565598
0.443027
0.418374
0.798238
0.387656
0.577855
0.355528
0.455553
0.396887
0.148022
0.159216
0.020737
0.466383
0.530835
0.546780
0.042172
0.811560
0.653744
0.592959
0.720712
0.396980
0.214938
0.626702
0.820094
0.570349
0.704469
0.723369
0.639072
0.545896
0.127530
0.016757
0.574438
0.404646
0.917925
0.116289
0.552618
0.245092
0.176036
0.927509
0.123537
0.802138
0.339844
0.106358
0.356226
0.864178
0.360224
0.932048
0.752838
0.643932
0.907925
0.334304
0.399386
0.696662
0.244157
0.316231
0.707297
0.529295
0.980050
0.365480
0.619841
0.880268
0.532934
0.124714
0.000000
0.000000
0.810377
0.442320
0.429015
0.145490
0.221376
0.378651
0.628739
0.693120
0.346974
0.712409
0.215977
0.614315
0.475462
0.340845
0.744869
0.669674
0.557152
0.727813
0.935244
0.263517
0.189286
0.270370
0.148272
0.164361
0.799359
0.226243
0.066848
0.200156
0.917157
0.300199
0.519547
0.982643
0.521100
0.567586
0.223027
0.370641
0.505840
0.456062
0.927033
0.713606
0.670955
0.164473
0.141321
0.341172
0.014494
0.545097
0.372016
0.946867
0.743245
0.114521
0.324525
0.612471
0.480822
0.181390
0.210694
0.178334
0.989046
0.511232
0.999930
0.229514
0.995126
0.815383
0.169327
0.794338
0.376326
0.504046
0.189186
0.671058
0.776470
0.140249
0.031891
0.565561
0.694966
0.750893
0.686324
0.497957
0.440825
0.923149
0.328742
0.539569
0.565088
0.348461
0.965841
0.497015
0.881525
0.491766
0.713625
0.379206
0.886456
0.744444
0.867978
0.248696
0.932683
0.024380
0.783495
0.154659
0.073255
0.855591
0.542271
0.519115
0.000000
0.000000
0.141561
0.066895
0.208262
0.344507
0.571035
0.833644
0.948032
0.546193
0.892825
0.802755
0.143366
0.409396
0.175209
0.516662
0.025557
0.782596
0.637882
0.530823
0.133060
0.273620
0.966514
0.517662
0.498152
0.285346
0.320816
0.926927
0.815838
0.831327
0.927397
0.763248
0.711941
0.011717
0.375795
0.938164
0.511691
0.376841
0.581695
0.077073
0.423549
0.753175
0.555768
0.146231
0.194548
0.945467
0.773492
0.778865
0.548777
0.691018
0.417261
0.708264
0.663035
0.053922
0.789570
0.290658
0.110114
0.884593
0.581985
0.624804
0.116232
0.236921
0.992785
0.854400
0.910232
0.668481
0.781568
0.912278
0.197850
0.716999
0.213399
0.709950
0.731448
0.444545
0.865800
0.772424
0.194288
0.429037
0.076264
0.172509
0.584303
0.327137
0.825090
0.742654
0.007514
0.768815
0.159158
0.584016
0.985889
0.009835
0.430036
0.449389
0.071806
0.489054
0.087004
0.729256
0.332308
0.456731
0.475366
0.476996
0.377707
0.999289
0.000000
0.000000
0.649409
0.059951
0.180743
0.382528
0.505927
0.895993
0.284609
0.578961
0.992703
0.933761
0.541751
0.733442
0.907620
0.931814
0.280520
0.736320
0.391644
0.782706
0.021345
0.084989
0.242749
0.280558
0.280337
0.327197
0.698373
0.315420
0.897507
0.610451
0.205447
0.947417
0.575459
0.141345
0.326804
0.352610
0.571589
0.693724
0.458510
0.295485
0.757118
0.984366
0.451361
0.212300
0.658566
0.160923
0.702647
0.577739
0.284328
0.034197
0.245095
0.656981
0.252519
0.467567
0.813001
0.311517
0.184150
0.559921
0.220540
0.195152
0.311425
0.652781
0.373750
0.825410
0.484591
0.868989
0.608822
0.845980
0.036051
0.435983
0.893170
0.302862
0.337495
0.499263
0.302968
0.189401
0.638852
0.646515
0.030130
0.587710
0.658821
0.070722
0.882294
0.708928
0.509681
0.818106
0.056820
0.264680
0.239502
0.791104
0.193995
0.851871
0.999120
0.561170
0.372301
0.994219
0.638921
0.450151
0.744279
0.247915
0.812488
0.460236
0.000000
0.000000
0.738939
0.548532
0.567417
0.888156
0.216695
0.612463
0.218833
0.764854
0.730637
0.676816
0.466657
0.253850
0.206404
0.559590
0.772435
0.569014
0.507137
0.935382
0.436130
0.756712
0.413823
0.777184
0.407335
0.351047
0.888891
0.050381
0.484535
0.809971
0.444674
0.544043
0.467430
0.124395
0.250088
0.445735
0.188483
0.646484
0.232932
0.138306
0.051731
0.772312
0.707023
0.617854
0.543934
0.032246
0.571461
0.959598
0.829736
0.392049
0.811428
0.910920
0.810551
0.322240
0.657467
0.109954
0.827261
0.571814
0.273156
0.095016
0.224998
0.137905
0.187896
0.152870
0.277902
0.671274
0.106810
0.493791
0.062788
0.534194
0.549415
0.835702
0.456996
0.654810
0.975025
0.721964
0.646655
0.043526
0.597168
0.491737
0.182243
0.893797
0.153119
0.459225
0.950913
0.592858
0.252296
0.770255
0.912884
0.402061
0.931720
0.672515
0.930032
0.729874
0.591813
0.110655
0.785781
0.613307
0.352597
0.623317
0.474485
0.625942
0.000000
0.000000
0.641242
0.887684
0.074238
0.648376
0.619058
0.430383
0.207007
0.640009
0.055948
0.718254
0.690491
0.061688
0.625047
0.782804
0.450362
0.158131
0.924032
0.951706
0.386190
0.870497
0.738893
0.961096
0.834569
0.401085
0.505241
0.646381
0.773966
0.913802
0.703107
0.623572
0.968111
0.078827
0.195237
0.752588
0.530569
0.902201
0.484564
0.976665
0.226438
0.715730
0.613369
0.514317
0.670431
0.920022
0.165621
0.232947
0.784227
0.271111
0.719641
0.581922
0.893657
0.613056
0.834044
0.764717
0.289892
0.768040
0.201089
0.867115
0.602290
0.433152
0.344524
0.053415
0.318623
0.303319
0.771817
0.968879
0.100574
0.954028
0.878131
0.561652
0.146189
0.723181
0.095764
0.524319
0.018282
0.122331
0.098422
0.144579
0.322323
0.801388
0.974180
0.367365
0.911015
0.640716
0.086110
0.523340
0.127995
0.048054
0.222070
0.214774
0.571454
0.431926
0.219113
0.485475
0.282418
0.480053
0.684167
0.198032
0.159290
0.875038
0.000000
0.000000
0.647487
0.577478
0.574686
0.378140
0.763942
0.055384
0.382328
0.577236
0.692829
0.568426
0.411351
0.288347
0.719265
0.789222
0.878689
0.668648
0.314854
0.368147
0.451826
0.914985
0.687274
0.789944
0.666233
0.057017
0.064561
0.206083
0.517923
0.088583
0.588372
0.651779
0.360465
0.666680
0.427640
0.845109
0.015299
0.750098
0.819978
0.111761
0.960112
0.419199
0.536439
0.466991
0.280019
0.744839
0.046278
0.517400
0.164619
0.821053
0.766443
0.153464
0.849808
0.291807
0.723020
0.503762
0.742196
0.198713
0.810913
0.848227
0.155882
0.695215
0.623609
0.000449
0.495447
0.414267
0.054798
0.568523
0.866879
0.955127
0.524124
0.781223
0.037949
0.137785
0.028686
0.812999
0.325113
0.909973
0.924657
0.942026
0.453397
0.192933
0.138247
0.480576
0.064915
0.866541
0.163027
0.401156
0.707351
0.406581
0.755883
0.858923
0.838550
0.676259
0.520654
0.952253
0.744259
0.722404
0.125648
0.588035
0.216685
0.034484
0.000000
0.000000
0.998811
0.377636
0.959807
0.423521
0.164761
0.261621
0.312828
0.194588
0.116775
0.946062
0.440107
0.996964
0.414735
0.512688
0.151867
0.453804
0.962782
0.024773
0.001147
0.531622
0.787634
0.243199
0.916706
0.578541
0.840662
0.004378
0.650592
0.259607
0.729389
0.339188
0.148938
0.360769
0.012756
0.008913
0.388561
0.886975
0.942693
0.330928
0.383982
0.487581
0.615517
0.113459
0.307500
0.795173
0.473413
0.255062
0.555377
0.963260
0.162686
0.569453
0.700458
0.691453
0.869248
0.031737
0.060457
0.525757
0.364004
0.534638
0.701271
0.338294
0.976579
0.649651
0.945818
0.639715
0.057930
0.425410
0.472805
0.955868
0.571389
0.036739
0.803490
0.336983
0.310592
0.520952
0.581650
0.640989
0.552660
0.023801
0.437175
0.220860
0.693098
0.646749
0.419310
0.888771
0.574747
0.249445
0.438724
0.400735
0.494227
0.408062
0.861293
0.908812
0.676143
0.383473
0.871697
0.177918
0.105504
0.145379
0.328271
0.816158
0.000000
0.000000
0.660464
0.237110
0.704807
0.766226
0.537443
0.156947
0.237200
0.192994
0.778977
0.970266
0.358626
0.873739
0.158093
0.815072
0.288516
0.051789
0.188379
0.675573
0.673908
0.582116
0.132601
0.690779
0.018937
0.111766
0.950502
0.255558
0.953364
0.507472
0.438359
0.246524
0.867515
0.389344
0.090770
0.331384
0.776290
0.827830
0.055975
0.305750
0.821499
0.520255
0.735943
0.414481
0.233430
0.145078
0.278427
0.281362
0.418354
0.031714
0.426891
0.053454
0.937590
0.943608
0.571516
0.770530
0.290899
0.093317
0.871449
0.349795
0.662081
0.359255
0.164996
0.612867
0.081243
0.947845
0.625406
0.279574
0.499538
0.699297
0.793449
0.510443
0.086466
0.671521
0.304582
0.951320
0.541259
0.140526
0.913547
0.057241
0.312958
0.228291
0.866425
0.871223
0.862174
0.234890
0.359076
0.501451
0.547793
0.480078
0.836118
0.198143
0.136329
0.033477
0.783827
0.793878
0.653307
0.692019
0.042147
0.934631
0.598755
0.139418
0.000000
0.000000
0.767087
0.615913
0.577390
0.506986
0.831364
0.342233
0.878506
0.310105
0.682818
0.004966
0.337037
0.457386
0.289489
0.769017
0.135037
0.852039
0.788374
0.681968
0.388632
0.867205
0.181360
0.212537
0.962406
0.433778
0.595559
0.754548
0.692300
0.443926
0.615750
0.167200
0.648775
0.247844
0.515668
0.566327
0.721644
0.331236
0.990591
0.318555
0.171488
0.791951
0.051955
0.791902
0.861637
0.106426
0.173869
0.014835
0.285643
0.007368
0.762011
0.879926
0.795412
0.265651
0.623386
0.052677
0.737147
0.337561
0.681843
0.321990
0.213731
0.662651
0.001169
0.751713
0.737164
0.554559
0.996080
0.381783
0.851589
0.956350
0.184168
0.277026
0.181519
0.935658
0.679308
0.343854
0.480764
0.494341
0.378104
0.433355
0.897662
0.316420
0.709805
0.798310
0.970116
0.531878
0.401047
0.840666
0.166252
0.474256
0.167952
0.213587
0.445252
0.489453
0.972811
0.646337
0.962430
0.772164
0.904926
0.024717
0.931668
0.240407
0.000000
0.000000
0.161266
0.961316
0.463769
0.081423
0.862250
0.026332
0.889995
0.805963
0.386484
0.656803
0.341955
0.217577
0.848463
0.086127
0.902733
0.666654
0.176436
0.611484
0.994110
0.333447
0.448129
0.503301
0.054959
0.552142
0.447257
0.184999
0.115418
0.135511
0.949360
0.547912
0.090027
0.826523
0.476045
0.908893
0.194986
0.435128
0.688347
0.882798
0.465711
0.081737
0.680664
0.091109
0.056193
0.987759
0.233815
0.812286
0.141707
0.788046
0.537245
0.235604
0.409171
0.163431
0.441078
0.426830
0.314108
0.941880
0.246179
0.998126
0.056227
0.863606
0.586156
0.586768
0.393785
0.485465
0.496819
0.801230
0.428971
0.606026
0.632626
0.525693
0.404057
0.689584
0.425232
0.238702
0.774438
0.199937
0.333390
0.346075
0.439280
0.840495
0.798128
0.665766
0.253354
0.349255
0.455210
0.706724
0.499062
0.348409
0.806471
0.173125
0.214908
0.845380
0.433225
0.940036
0.782387
0.828082
0.275293
0.388151
0.933597
0.445935
0.000000
0.000000
0.263173
0.737101
0.555511
0.507722
0.346667
0.004508
0.282702
0.845259
0.314815
0.941320
0.668266
0.010256
0.736610
0.380752
0.998992
0.202681
0.149762
0.801108
0.965380
0.921387
0.769141
0.433092
0.052887
0.960031
0.155814
0.140436
0.715068
0.945602
0.744923
0.561135
0.145361
0.634090
0.627567
0.848272
0.902795
0.121395
0.079647
0.541554
0.843448
0.054924
0.797654
0.011873
0.295383
0.219784
0.980086
0.092657
0.721647
0.805763
0.344434
0.961038
0.787530
0.463234
0.412391
0.010954
0.381937
0.044886
0.842530
0.060565
0.173059
0.988786
0.342016
0.533906
0.940765
0.038341
0.174073
0.169871
0.777156
0.033992
0.490370
0.746964
0.766697
0.306454
0.197019
0.501363
0.029427
0.428843
0.582273
0.070604
0.682110
0.872217
0.048825
0.070446
0.370328
0.182226
0.063153
0.326634
0.860567
0.595197
0.420406
0.502019
0.350203
0.128875
0.535247
0.397499
0.597427
0.343169
0.191431
0.005060
0.133101
0.536710
0.000000
0.000000
0.157018
0.427600
0.921580
0.826954
0.986116
0.856151
0.201120
0.326064
0.842998
0.067359
0.797087
0.711238
0.356854
0.409761
0.066035
0.836856
0.296995
0.896896
0.306498
0.406555
0.856754
0.476680
0.503894
0.681806
0.278806
0.820628
0.997898
0.751780
0.932643
0.712047
0.643918
0.925972
0.760682
0.158006
0.847029
0.981353
0.486846
0.932633
0.532654
0.699837
0.684406
0.961943
0.714543
0.742016
0.282242
0.870180
0.122703
0.391394
0.772514
0.834195
0.508379
0.998263
0.664267
0.095399
0.694871
0.607524
0.371712
0.019256
0.931363
0.220574
0.090330
0.546627
0.433097
0.529256
0.895519
0.070089
0.077133
0.197152
0.640477
0.320327
0.103026
0.560464
0.428826
0.710051
0.657516
0.949813
0.555008
0.094728
0.429279
0.309999
0.729679
0.197258
0.157105
0.227186
0.209904
0.397195
0.003315
0.644116
0.554864
0.919325
0.534051
0.155540
0.183942
0.994945
0.791770
0.408768
0.224675
0.390052
0.430876
0.073197
0.000000
0.000000
0.807724
0.085386
0.895469
0.879447
0.109379
0.072592
0.437663
0.889032
0.579116
0.972058
0.571903
0.315565
0.806490
0.477670
0.626379
0.211652
0.042016
0.091584
0.603466
0.635395
0.410150
0.695006
0.215297
0.076840
0.235644
0.159144
0.717123
0.998846
0.393584
0.020138
0.629452
0.177060
0.588838
0.530245
0.343399
0.715416
0.350587
0.543172
0.468700
0.013046
0.131132
0.696978
0.399591
0.220834
0.111920
0.431683
0.298965
0.639238
0.082598
0.082275
0.802512
0.740358
0.386083
0.986047
0.604998
0.361807
0.761032
0.719208
0.518110
0.109116
0.108498
0.202774
0.704924
0.687999
0.847698
0.617552
0.788292
0.627333
0.115714
0.230461
0.313997
0.313137
0.920542
0.058238
0.699426
0.501295
0.515154
0.450854
0.834288
0.473041
0.728822
0.402763
0.116031
0.390245
0.519080
0.704666
0.043829
0.228010
0.829731
0.473029
0.376390
0.425628
0.561484
0.473875
0.196835
0.842608
0.571392
0.374767
0.095739
0.378095
0.000000
0.000000
0.076051
0.192702
0.946943
0.807712
0.124464
0.966166
0.603003
0.676603
0.242707
0.934836
0.533139
0.008773
0.970461
0.880165
0.647333
0.089231
0.641930
0.073186
0.299700
0.625288
0.028786
0.158628
0.728568
0.532267
0.196687
0.918283
0.215270
0.352886
0.158238
0.370072
0.737094
0.029998
0.560874
0.218211
0.918168
0.518064
0.156804
0.830328
0.751460
0.343676
0.621387
0.611352
0.608994
0.596034
0.029332
0.387252
0.943868
0.659753
0.931332
0.885922
0.708380
0.442486
0.813631
0.855257
0.185990
0.353210
0.566110
0.184812
0.465595
0.183272
0.591420
0.780997
0.655471
0.060048
0.687455
0.661856
0.053280
0.763323
0.034650
0.897740
0.707234
0.089462
0.333825
0.138356
0.239229
0.971077
0.971044
0.806948
0.923074
0.682245
0.644005
0.496749
0.991874
0.724071
0.379904
0.079561
0.732587
0.513735
0.522348
0.814356
0.834622
0.946853
0.486553
0.180239
0.178588
0.597695
0.974727
0.927531
0.553925
0.288956
0.000000
0.000000
0.225538
0.766697
0.218206
0.444952
0.351203
0.420986
0.806642
0.030610
0.233130
0.907989
0.841046
0.831535
0.155533
0.305559
0.737204
0.601229
0.591342
0.911805
0.504448
0.792388
0.804698
0.651018
0.599039
0.297981
0.965756
0.922381
0.650286
0.175838
0.178847
0.325293
0.633545
0.283457
0.303394
0.891336
0.978849
0.852017
0.496059
0.875472
0.709614
0.953322
0.258996
0.923790
0.755561
0.659032
0.224470
0.819643
0.433237
0.389778
0.476899
0.269593
0.588827
0.969707
0.880687
0.963449
0.515006
0.509898
0.555600
0.849666
0.839403
0.128429
0.252799
0.335877
0.730847
0.681165
0.327121
0.360414
0.329934
0.466342
0.871074
0.953634
0.564217
0.944674
0.832639
0.270941
0.337445
0.167479
0.965462
0.411262
0.865938
0.920656
0.787235
0.344991
0.069306
0.763430
0.594975
0.564306
0.684148
0.626014
0.741342
0.725724
0.336403
0.256915
0.232903
0.932412
0.446317
0.758603
0.411393
0.708262
0.667195
0.915289
0.000000
0.000000
0.737783
0.318674
0.888135
0.290092
0.918816
0.987075
0.464060
0.851569
0.334423
0.083273
0.996672
0.271244
0.613377
0.922482
0.260624
0.350774
0.769040
0.521181
0.354328
0.356619
0.770754
0.105483
0.079809
0.958274
0.908362
0.370571
0.097615
0.367703
0.690379
0.916111
0.561682
0.590664
0.349530
0.318997
0.015559
0.415611
0.929595
0.333855
0.302525
0.136979
0.617686
0.545670
0.924069
0.211503
0.832026
0.383957
0.771434
0.216452
0.883621
0.447076
0.894230
0.359277
0.694384
0.588625
0.818449
0.164815
0.166592
0.564337
0.572632
0.874531
0.597955
0.501655
0.303788
0.362783
0.827112
0.522379
0.562580
0.746230
0.658237
0.990633
0.688053
0.595036
0.757171
0.573175
0.798103
0.923295
0.771242
0.269440
0.947565
0.863400
0.589239
0.151432
0.746163
0.586084
0.756156
0.063090
0.413452
0.889942
0.876135
0.939887
0.335536
0.093522
0.496274
0.094174
0.869714
0.107045
0.639835
0.336618
0.315740
0.853572
0.000000
0.000000
0.569053
0.480655
0.636299
0.255081
0.104218
0.360382
0.518408
0.153021
0.124772
0.863164
0.267171
0.329806
0.282147
0.711031
0.024598
0.005410
0.082124
0.291409
0.859829
0.089129
0.910053
0.144411
0.674713
0.212796
0.324068
0.504283
0.003915
0.045366
0.882870
0.069666
0.594611
0.340664
0.914058
0.663918
0.273431
0.393603
0.156928
0.748747
0.036115
0.979775
0.505566
0.665266
0.540435
0.439141
0.398592
0.227509
0.324656
0.643791
0.725306
0.026173
0.352956
0.371379
0.118277
0.172675
0.439489
0.214545
0.360686
0.686529
0.771070
0.339646
0.018103
0.160102
0.288870
0.419265
0.309263
0.456062
0.333922
0.143347
0.275926
0.520981
0.804171
0.988551
0.679145
0.197180
0.138134
0.572208
0.103472
0.829816
0.818573
0.776710
0.766237
0.754453
0.252797
0.811886
0.426306
0.869249
0.144617
0.951382
0.152904
0.039922
0.387151
0.288972
0.339897
0.658698
0.371834
0.749723
0.738539
0.332498
0.767816
0.268670
0.000000
0.000000
0.193698
0.039584
0.393156
0.742110
0.729057
0.485570
0.130821
0.687227
0.264794
0.365461
0.967191
0.003381
0.421399
0.765074
0.332373
0.009583
0.883527
0.897452
0.080670
0.747800
0.018246
0.080818
0.277197
0.677283
0.319981
0.041466
0.668441
0.573060
0.178327
0.528483
0.949565
0.951376
0.095097
0.771208
0.426628
0.386588
0.919191
0.530660
0.218558
0.285718
0.279925
0.099698
0.376637
0.730591
0.413246
0.240480
0.555466
0.062097
0.106546
0.375473
0.951501
0.087943
0.905078
0.502355
0.254579
0.298073
0.605465
0.143898
0.119878
0.116263
0.033438
0.059749
0.774440
0.725307
0.898553
0.193228
0.309924
0.230700
0.012793
0.108607
0.647373
0.360090
0.858311
0.480966
0.156418
0.323297
0.592604
0.898831
0.751012
0.720143
0.133703
0.775798
0.595430
0.990239
0.015619
0.833206
0.141394
0.945719
0.342815
0.604643
0.067370
0.795220
0.276650
0.033531
0.818845
0.774633
0.131347
0.122184
0.339632
0.389475
0.000000
0.000000
0.267062
0.035840
0.381941
0.560004
0.291974
0.021607
0.278073
0.625078
0.238293
0.184599
0.776331
0.842106
0.656134
0.222512
0.581161
0.958261
0.323734
0.130396
0.740226
0.928534
0.367327
0.121419
0.158734
0.867480
0.486686
0.200433
0.253041
0.703167
0.766930
0.485457
0.923891
0.621760
0.224506
0.821178
0.169687
0.920882
0.775752
0.920104
0.225202
0.437262
0.654526
0.998345
0.051289
0.287146
0.159763
0.920488
0.111054
0.072526
0.644664
0.465245
0.401403
0.810307
0.061046
0.066653
0.950097
0.577236
0.992232
0.188540
0.951188
0.645563
0.418880
0.117671
0.272985
0.055021
0.022550
0.609999
0.935264
0.719585
0.047720
0.861725
0.050298
0.813005
0.307914
0.876882
0.521774
0.478502
0.451812
0.339567
0.394703
0.389637
0.592217
0.093311
0.392722
0.895625
0.500574
0.913200
0.160404
0.293251
0.836463
0.786410
0.922552
0.211843
0.356173
0.692219
0.931174
0.432678
0.609871
0.687775
0.794831
0.866557
0.000000
0.000000
0.445045
0.719384
0.775439
0.468585
0.621151
0.687314
0.165937
0.270037
0.504177
0.206002
0.452478
0.804244
0.672767
0.264570
0.017500
0.624463
0.672993
0.400913
0.885969
0.482349
0.480583
0.909052
0.314103
0.278389
0.861180
0.846820
0.822455
0.587870
0.984236
0.250591
0.749632
0.308428
0.021156
0.274318
0.991446
0.378800
0.992056
0.261793
0.650292
0.716976
0.717239
0.736410
0.110259
0.135278
0.585613
0.514414
0.635142
0.913692
0.358296
0.428092
0.796487
0.296616
0.596938
0.833876
0.087297
0.587394
0.791688
0.053574
0.303653
0.054924
0.268261
0.303171
0.478618
0.730942
0.399190
0.520006
0.124675
0.660107
0.424704
0.857600
0.958616
0.244479
0.757089
0.970792
0.687439
0.598190
0.473192
0.125152
0.473390
0.684732
0.418846
0.350824
0.204210
0.195351
0.207925
0.118765
0.628838
0.963045
0.973974
0.884443
0.740883
0.758979
0.840847
0.266569
0.323215
0.963946
0.330679
0.844065
0.845047
0.444166
0.000000
0.000000
0.930853
0.160099
0.009676
0.837046
0.343481
0.125895
0.559154
0.212914
0.653609
0.415448
0.417236
0.711400
0.919198
0.642048
0.330279
0.719289
0.216497
0.318009
0.164548
0.192405
0.856039
0.173873
0.213928
0.753077
0.850331
0.322477
0.440511
0.796518
0.933393
0.439463
0.159477
0.799457
0.230063
0.029974
0.739601
0.327294
0.092060
0.232209
0.057783
0.799438
0.448006
0.066619
0.975287
0.305040
0.208434
0.615618
0.793738
0.672193
0.215203
0.678031
0.104190
0.694236
0.810847
0.965733
0.829151
0.881134
0.570400
0.919282
0.097397
0.092042
0.702156
0.127718
0.633614
0.978155
0.317063
0.570312
0.302874
0.336770
0.630532
0.865025
0.222159
0.380530
0.216296
0.442297
0.494094
0.763654
0.153441
0.888296
0.961991
0.947150
0.394934
0.780706
0.838844
0.762455
0.389213
0.344949
0.977285
0.803620
0.070427
0.664975
0.794551
0.745034
0.500574
0.760045
0.565271
0.773933
0.625550
0.804296
0.545531
0.249203
0.000000
0.000000
0.895140
0.855086
0.588809
0.052611
0.496343
0.755090
0.897438
0.084769
0.507539
0.016932
0.198534
0.374250
0.726524
0.639862
0.980869
0.388462
0.123095
0.871007
0.792206
0.853440
0.827381
0.983820
0.324344
0.246487
0.189360
0.021433
0.266123
0.265965
0.916263
0.484054
0.998570
0.027660
0.888692
0.470896
0.155326
0.650809
0.350996
0.101132
0.356041
0.662958
0.148763
0.730182
0.496482
0.469733
0.571395
0.641322
0.266498
0.495365
0.861287
0.693087
0.516717
0.759235
0.098390
0.465875
0.742861
0.898660
0.100937
0.302849
0.125424
0.499693
0.761619
0.666561
0.621359
0.189567
0.423681
0.954695
0.135069
0.559614
0.047661
0.195541
0.508594
0.423977
0.929113
0.607348
0.380618
0.058758
0.543213
0.526365
0.896549
0.734999
0.597201
0.855566
0.101316
0.556205
0.302654
0.936905
0.419652
0.025413
0.235693
0.749086
0.894988
0.730754
0.287532
0.793274
0.227866
0.546665
0.329567
0.672123
0.699570
0.574189
0.000000
0.000000
0.699102
0.902266
0.489809
0.264498
0.688770
0.838357
0.973804
0.874007
0.388571
0.068619
0.588664
0.665984
0.268791
0.633262
0.775442
0.645908
0.646495
0.289740
0.788477
0.290716
0.960376
0.421028
0.446926
0.355269
0.276265
0.952497
0.315328
0.258079
0.048122
0.295077
0.113862
0.745018
0.263668
0.841297
0.759795
0.255298
0.692150
0.095714
0.716556
0.643689
0.884713
0.366971
0.164646
0.179390
0.439744
0.336410
0.324025
0.097393
0.514625
0.044907
0.514663
0.037953
0.380877
0.584118
0.935782
0.016946
0.312749
0.658955
0.331175
0.339908
0.785730
0.227955
0.062832
0.936603
0.058615
0.059701
0.522001
0.975905
0.047424
0.452609
0.792205
0.834583
0.181933
0.411886
0.900569
0.393891
0.587818
0.326210
0.275495
0.359302
0.631085
0.444016
0.662286
0.480722
0.385558
0.374679
0.956662
0.162500
0.478012
0.966190
0.927541
0.013356
0.019886
0.437102
0.052600
0.856488
0.822537
0.480141
0.652414
0.255706
0.000000
0.000000
0.676015
0.266178
0.859438
0.436781
0.899109
0.916493
0.894844
0.518238
0.625455
0.109149
0.014247
0.493399
0.405148
0.996984
0.999951
0.296831
0.508684
0.844875
0.577025
0.513972
0.026323
0.013057
0.673772
0.854093
0.857152
0.756939
0.231277
0.523736
0.516208
0.624489
0.504746
0.314459
0.030914
0.046257
0.497170
0.053717
0.868717
0.334381
0.423394
0.002884
0.409779
0.693917
0.427605
0.222336
0.875620
0.852766
0.321289
0.381928
0.236242
0.935634
0.165312
0.627625
0.140121
0.156493
0.862285
0.197499
0.960784
0.364234
0.004544
0.855680
0.847817
0.540711
0.475776
0.084980
0.379646
0.523527
0.970849
0.438663
0.811950
0.896088
0.830035
0.490043
0.767424
0.013291
0.348452
0.214232
0.629580
0.331199
0.199973
0.862774
0.717690
0.330408
0.946012
0.590043
0.432365
0.204902
0.188985
0.010790
0.846934
0.280461
0.401843
0.716854
0.850839
0.445357
0.713298
0.888345
0.631346
0.986713
0.173873
0.628089
0.000000
0.000000
0.684624
0.167537
0.149076
0.142439
0.092643
0.917324
0.853295
0.357132
0.092066
0.332211
0.067462
0.088046
0.723049
0.410706
0.520115
0.270223
0.723810
0.868843
0.176670
0.395829
0.402426
0.522589
0.174849
0.415716
0.004584
0.915443
0.431660
0.736377
0.100297
0.083951
0.782539
0.923235
0.229321
0.452490
0.207200
0.106890
0.085949
0.992913
0.440818
0.254058
0.729427
0.386143
0.588072
0.777557
0.711359
0.947091
0.760054
0.174691
0.500682
0.297801
0.862521
0.663262
0.686820
0.116147
0.609999
0.362463
0.405251
0.191908
0.830536
0.945308
0.902459
0.600598
0.424076
0.008344
0.049245
0.519976
0.482353
0.012774
0.460381
0.026195
0.768943
0.431949
0.961560
0.567100
0.873146
0.573015
0.476468
0.593152
0.937569
0.012636
0.281110
0.075685
0.669274
0.628025
0.093359
0.668921
0.108384
0.633218
0.171777
0.308392
0.339965
0.848667
0.220945
0.815068
0.570435
0.587732
0.665322
0.167571
0.456342
0.359864
0.000000
0.000000
0.117499
0.265622
0.746845
0.609121
0.334648
0.350316
0.475201
0.364521
0.729201
0.491167
0.058090
0.983418
0.072581
0.394367
0.740955
0.694836
0.011819
0.544496
0.399253
0.309118
0.485621
0.998532
0.955557
0.815996
0.966822
0.339434
0.883004
0.373193
0.184731
0.253457
0.580721
0.469048
0.731017
0.823817
0.792408
0.354919
0.145578
0.153958
0.361374
0.493924
0.495281
0.428728
0.086827
0.767167
0.506396
0.929289
0.552822
0.224137
0.687138
0.281673
0.863479
0.277893
0.642104
0.519869
0.715769
0.489238
0.225935
0.411879
0.278591
0.338364
0.692083
0.725038
0.590543
0.065517
0.238038
0.140017
0.803630
0.804318
0.671382
0.418173
0.360122
0.113624
0.089069
0.188897
0.918448
0.775126
0.848871
0.996470
0.748524
0.051783
0.020481
0.809372
0.685457
0.923519
0.841383
0.579571
0.768231
0.858208
0.394530
0.119831
0.444269
0.219580
0.119899
0.067575
0.498709
0.379638
0.165670
0.802229
0.001084
0.511401
0.000000
0.000000
0.282756
0.305751
0.651393
0.456928
0.623385
0.388240
0.278268
0.146684
0.516888
0.518836
0.550415
0.468482
0.641205
0.383073
0.205573
0.038065
0.898961
0.050882
0.292024
0.062427
0.094594
0.958296
0.530108
0.855348
0.617308
0.765579
0.091338
0.407299
0.975951
0.028998
0.127988
0.031687
0.224803
0.136506
0.760819
0.047129
0.210232
0.974909
0.268854
0.386002
0.060567
0.205894
0.843837
0.617211
0.733261
0.140525
0.985902
0.671762
0.892158
0.244490
0.616283
0.424905
0.386161
0.898947
0.844467
0.545260
0.799057
0.095856
0.343482
0.540424
0.444567
0.098430
0.612273
0.644336
0.580348
0.434364
0.678007
0.190804
0.906326
0.986816
0.943711
0.320367
0.078127
0.013044
0.715319
0.900041
0.630619
0.270890
0.190626
0.982724
0.410284
0.621164
0.925492
0.631960
0.153631
0.231759
0.938646
0.492485
0.485410
0.534120
0.898091
0.483085
0.073014
0.765016
0.483020
0.168724
0.293757
0.274592
0.292278
0.941230
0.000000
0.000000
0.408750
0.417462
0.465873
0.312841
0.861368
0.556111
0.552978
0.080216
0.352901
0.333842
0.840902
0.303606
0.333457
0.798788
0.600512
0.098444
0.745439
0.346155
0.270308
0.238538
0.846436
0.565640
0.233368
0.272775
0.891059
0.512592
0.806782
0.903798
0.700024
0.491797
0.411254
0.493014
0.566872
0.823443
0.513283
0.204793
0.488027
0.035679
0.030855
0.590142
0.207515
0.607658
0.101526
0.238225
0.836925
0.914270
0.114608
0.175419
0.927535
0.889929
0.983723
0.693609
0.731139
0.934187
0.717618
0.476403
0.589337
0.713839
0.111349
0.814829
0.482325
0.683555
0.893501
0.691741
0.009649
0.302576
0.547458
0.618270
0.535021
0.021370
0.536320
0.018578
0.822375
0.751255
0.470875
0.770276
0.579093
0.319391
0.364294
0.167265
0.365896
0.861320
0.044629
0.962032
0.017565
0.487865
0.381975
0.686559
0.557352
0.888458
0.569427
0.707137
0.506490
0.647640
0.194368
0.475328
0.099151
0.951062
0.367490
0.856839
0.000000
0.000000
0.979096
0.307171
0.837770
0.046142
0.868490
0.335619
0.301299
0.895339
0.519400
0.260539
0.940899
0.807739
0.101008
0.985904
0.115857
0.523868
0.103246
0.086141
0.557546
0.918308
0.061185
0.879513
0.491496
0.341413
0.823202
0.946716
0.649524
0.977812
0.505763
0.904559
0.544573
0.819289
0.871980
0.821188
0.780660
0.883218
0.031571
0.982130
0.878289
0.647776
0.706508
0.948745
0.432094
0.911198
0.983160
0.440978
0.249757
0.629496
0.598409
0.010067
0.536427
0.519345
0.922047
0.175647
0.596963
0.006018
0.808984
0.586056
0.283113
0.230886
0.096778
0.531815
0.137636
0.767289
0.046373
0.012366
0.824811
0.834690
0.174482
0.788219
0.307329
0.931521
0.880769
0.204903
0.539349
0.730186
0.800589
0.849964
0.470806
0.864384
0.634246
0.220794
0.140138
0.144912
0.774092
0.501090
0.330876
0.830671
0.730269
0.035014
0.797337
0.757104
0.693256
0.499867
0.194767
0.664798
0.163755
0.388806
0.153095
0.052722
0.000000
0.000000
0.692329
0.068350
0.571015
0.949732
0.108830
0.566360
0.132096
0.111254
0.803367
0.895542
0.290105
0.565565
0.019829
0.304863
0.909105
0.593555
0.581542
0.867184
0.834289
0.144470
0.053051
0.877524
0.419807
0.147251
0.225565
0.307411
0.763262
0.313558
0.020349
0.830046
0.991775
0.979274
0.605360
0.579030
0.359505
0.872264
0.823940
0.275804
0.475000
0.066855
0.011296
0.839933
0.097081
0.504465
0.835054
0.653019
0.620098
0.675778
0.829241
0.438361
0.054221
0.220860
0.881658
0.564756
0.192805
0.078109
0.189824
0.965362
0.379057
0.731619
0.122380
0.611362
0.237158
0.780784
0.308041
0.293016
0.886255
0.328337
0.131294
0.528031
0.213221
0.905715
0.422701
0.486817
0.080793
0.962773
0.479283
0.171651
0.059001
0.807065
0.011534
0.197529
0.711163
0.501727
0.824173
0.166986
0.844952
0.298918
0.583111
0.972138
0.859310
0.721280
0.671915
0.798976
0.804519
0.349946
0.021786
0.556203
0.237540
0.363484
0.000000
0.000000
0.422513
0.634867
0.846900
0.871438
0.948311
0.891838
0.117034
0.716920
0.643450
0.068921
0.776053
0.313399
0.356550
0.121259
0.256973
0.392928
0.976533
0.332408
0.557291
0.769886
0.550800
0.288097
0.482690
0.665442
0.951293
0.907861
0.848380
0.765957
0.132961
0.661189
0.595810
0.431445
0.724526
0.960732
0.061734
0.273940
0.567125
0.773350
0.228615
0.496606
0.213287
0.972624
0.296796
0.685919
0.370900
0.386098
0.380213
0.555301
0.329486
0.255316
0.865466
0.075969
0.865258
0.836515
0.467258
0.771535
0.760260
0.172666
0.963755
0.880588
0.601410
0.021648
0.181795
0.298835
0.543285
0.705817
0.034855
0.366043
0.572625
0.335987
0.251602
0.563968
0.806450
0.930969
0.834877
0.906061
0.574952
0.946784
0.041160
0.722025
0.634727
0.198298
0.706950
0.888640
0.072334
0.940246
0.624902
0.315246
0.561197
0.086083
0.246517
0.347678
0.864588
0.099368
0.738303
0.282150
0.120249
0.834239
0.764239
0.765692
0.000000
0.000000
0.094798
0.710750
0.463148
0.094203
0.584609
0.820826
0.145515
0.866938
0.969620
0.095612
0.387929
0.769428
0.294920
0.875878
0.152911
0.950532
0.546158
0.840990
0.830520
0.391275
0.263057
0.773614
0.833171
0.269316
0.747361
0.616171
0.406551
0.655094
0.456958
0.749248
0.103417
0.160396
0.556030
0.415146
0.331790
0.214732
0.771854
0.727461
0.841730
0.152285
0.816203
0.093611
0.527660
0.170866
0.635668
0.146546
0.921433
0.757286
0.929016
0.837287
0.013048
0.323227
0.290789
0.115127
0.850278
0.978899
0.531103
0.551894
0.536583
0.326070
0.552050
0.179305
0.533659
0.235470
0.451401
0.243516
0.855512
0.050707
0.192650
0.894121
0.776323
0.134211
0.356927
0.546637
0.135859
0.561204
0.421607
0.377099
0.575387
0.854361
0.845530
0.789154
0.150169
0.616129
0.175958
0.463437
0.044178
0.843788
0.535152
0.922286
0.731781
0.393333
0.614090
0.608374
0.896163
0.969967
0.574568
0.339910
0.879727
0.956766
0.000000
0.000000
0.743496
0.919666
0.673877
0.937530
0.139334
0.518380
0.483037
0.458753
0.743730
0.498486
0.155673
0.671260
0.808105
0.641735
0.440478
0.259511
0.586997
0.312036
0.823443
0.329188
0.559166
0.906725
0.057522
0.679380
0.707972
0.948928
0.957239
0.815811
0.863888
0.167556
0.327048
0.773055
0.034559
0.038444
0.996209
0.220153
0.666605
0.455503
0.272778
0.293220
0.932740
0.865714
0.097843
0.133814
0.673270
0.415122
0.510177
0.004775
0.782864
0.012336
0.681207
0.898366
0.961827
0.234134
0.382691
0.577506
0.816452
0.879314
0.162968
0.546466
0.030984
0.595375
0.889932
0.480896
0.261913
0.182361
0.867817
0.916298
0.216619
0.944624
0.534356
0.839282
0.967465
0.988497
0.368442
0.524903
0.651914
0.153216
0.087787
0.247102
0.137937
0.717603
0.013686
0.618350
0.973932
0.586312
0.504840
0.153823
0.663144
0.709184
0.582533
0.599624
0.023132
0.749323
0.667857
0.008646
0.649099
0.143804
0.652201
0.331846
0.000000
0.000000
0.645571
0.610740
0.809429
0.885427
0.724465
0.555066
0.694708
0.549309
0.408220
0.165289
0.228882
0.123741
0.199591
0.062243
0.890801
0.730591
0.121991
0.193790
0.396559
0.726014
0.373998
0.285282
0.105708
0.796727
0.511784
0.603531
0.047707
0.420475
0.839148
0.393901
0.410933
0.280772
0.238083
0.883419
0.031945
0.729378
0.288529
0.605841
0.772265
0.948622
0.255224
0.414861
0.025017
0.469063
0.630121
0.642333
0.503160
0.404385
0.566156
0.576388
0.754523
0.121136
0.673048
0.847761
0.282118
0.764979
0.477189
0.167392
0.767095
0.960766
0.237921
0.051349
0.109997
0.802041
0.389882
0.571644
0.146521
0.505764
0.945552
0.901155
0.417186
0.454681
0.321146
0.099506
0.431003
0.314792
0.987786
0.434051
0.401370
0.394758
0.162688
0.417517
0.508808
0.282190
0.652071
0.621735
0.708631
0.253060
0.490323
0.321830
0.647275
0.981883
0.781571
0.393860
0.457763
0.551875
0.669877
0.786076
0.408337
0.694545
0.000000
0.000000
0.280882
0.136908
0.011907
0.036224
0.352840
0.803634
0.435596
0.144186
0.311935
0.126514
0.839705
0.446197
0.098663
0.942334
0.962624
0.275109
0.844331
0.879177
0.625005
0.461632
0.692734
0.314159
0.515959
0.345124
0.555928
0.713188
0.360792
0.169219
0.650221
0.337756
0.522888
0.622834
0.679443
0.923180
0.086719
0.511641
0.596732
0.739482
0.174287
0.552714
0.692610
0.023440
0.704933
0.377550
0.958219
0.604627
0.420278
0.363013
0.037323
0.174413
0.402402
0.239947
0.126390
0.429154
0.988469
0.547582
0.507242
0.300479
0.568781
0.311937
0.043580
0.475426
0.702995
0.707529
0.584664
0.386416
0.045939
0.581196
0.278212
0.307562
0.514598
0.343416
0.788657
0.766414
0.260140
0.364596
0.270895
0.490948
0.454860
0.915167
0.789897
0.631636
0.483385
0.302087
0.899292
0.663767
0.716697
0.205675
0.824545
0.685587
0.728478
0.746173
0.531844
0.041072
0.464212
0.692064
0.798191
0.461241
0.081681
0.680944
0.000000
0.000000
0.821605
0.943767
0.112083
0.932342
0.729972
0.304648
0.537934
0.688649
0.381201
0.746399
0.943234
0.872668
0.996242
0.229661
0.147618
0.387926
0.076153
0.512985
0.074773
0.908221
0.503262
0.143987
0.568796
0.096747
0.791037
0.315832
0.288021
0.377968
0.358241
0.652736
0.400141
0.503922
0.928280
0.427469
0.418395
0.500952
0.872888
0.931228
0.456993
0.648710
0.770907
0.349442
0.633811
0.168292
0.272204
0.219453
0.414279
0.283266
0.451641
0.747571
0.227999
0.066040
0.069694
0.240474
0.810918
0.931325
0.345900
0.426210
0.491639
0.871947
0.678174
0.496413
0.863095
0.481896
0.049704
0.590189
0.498086
0.938311
0.005337
0.963049
0.828098
0.754941
0.751777
0.179966
0.308116
0.936634
0.275600
0.857118
0.490424
0.132405
0.608827
0.723660
0.580699
0.665092
0.865659
0.497635
0.290204
0.998111
0.494685
0.832212
0.738249
0.506686
0.968957
0.055901
0.106366
0.742869
0.092436
0.632143
0.480964
0.483708
0.000000
0.000000
0.422565
0.582561
0.749687
0.105763
0.472899
0.109059
0.133496
0.338252
0.090852
0.912394
0.660601
0.584008
0.154437
0.588878
0.629311
0.280948
0.155832
0.523406
0.259312
0.079613
0.045582
0.074535
0.480074
0.538684
0.862320
0.292513
0.004118
0.544123
0.618696
0.372545
0.466846
0.817855
0.083205
0.067287
0.815454
0.251087
0.231855
0.369702
0.011953
0.386303
0.809146
0.777907
0.390343
0.828923
0.480687
0.237413
0.772336
0.420725
0.027620
0.364446
0.433018
0.491325
0.286583
0.473911
0.448588
0.956567
0.589363
0.491277
0.222421
0.647231
0.340885
0.684898
0.900032
0.320337
0.300776
0.094173
0.203561
0.970153
0.643376
0.409599
0.226397
0.619523
0.858084
0.898058
0.601748
0.663592
0.445205
0.145314
0.579369
0.991432
0.362845
0.524051
0.351474
0.013548
0.432785
0.247824
0.660578
0.398906
0.913295
0.412275
0.419344
0.147051
0.499470
0.385683
0.302161
0.777596
0.124661
0.538647
0.851774
0.370645
0.000000
0.000000
0.352375
0.965183
0.310564
0.223978
0.938996
0.662383
0.405841
0.404815
0.489574
0.332034
0.960546
0.876916
0.504171
0.107204
0.568366
0.381120
0.600295
0.051418
0.697636
0.775213
0.817760
0.888022
0.681048
0.901892
0.863637
0.649225
0.402413
0.533895
0.035308
0.121676
0.567174
0.989837
0.358810
0.920609
0.466808
0.451600
0.957847
0.627497
0.854815
0.334378
0.545973
0.623899
0.815902
0.426912
0.045535
0.792939
0.783796
0.679139
0.950660
0.394170
0.127546
0.653056
0.891198
0.161114
0.531846
0.464589
0.277487
0.804472
0.424004
0.069693
0.145645
0.524090
0.285918
0.450257
0.792616
0.825561
0.577297
0.782046
0.355603
0.032739
0.856734
0.339657
0.395754
0.771738
0.944795
0.125768
0.659911
0.076321
0.430887
0.942349
0.603568
0.062337
0.260738
0.704919
0.948980
0.325316
0.414222
0.680338
0.007274
0.434385
0.606239
0.889051
0.588870
0.750880
0.411930
0.868756
0.650907
0.582555
0.039382
0.627105
0.000000
0.000000
0.400185
0.214193
0.463195
0.686520
0.269891
0.694554
0.945503
0.451036
0.272126
0.789005
0.419508
0.611152
0.179983
0.246855
0.887283
0.135636
0.284500
0.233944
0.266204
0.018369
0.105676
0.644403
0.696519
0.991709
0.865660
0.038371
0.700578
0.099898
0.808866
0.070443
0.646444
0.651089
0.703163
0.473661
0.117508
0.794805
0.812801
0.633557
0.322990
0.504026
0.137874
0.401733
0.601561
0.869602
0.063054
0.687500
0.732602
0.112585
0.925629
0.079306
0.091116
0.795979
0.116119
0.005088
0.016963
0.569122
0.960129
0.123734
0.094230
0.654171
0.216962
0.245064
0.181081
0.901138
0.433824
0.456559
0.188771
0.930519
0.795066
0.179565
0.216069
0.792531
0.504387
0.316987
0.074101
0.740618
0.959586
0.028709
0.202440
0.164492
0.205330
0.313040
0.860124
0.508846
0.590234
0.578114
0.465468
0.070027
0.198499
0.400134
0.560696
0.430865
0.465215
0.919134
0.459980
0.218336
0.270381
0.009429
0.821374
0.929950
0.000000
0.000000
0.497144
0.658271
0.302206
0.147000
0.233245
0.553947
0.738022
0.170712
0.217327
0.442027
0.628079
0.233741
0.084456
0.352847
0.133145
0.463797
0.094997
0.714264
0.367435
0.763047
0.475516
0.567745
0.280743
0.150585
0.220904
0.668555
0.255422
0.102232
0.671490
0.189572
0.364700
0.543546
0.100167
0.544946
0.514837
0.615301
0.159030
0.271924
0.793912
0.436098
0.133764
0.272849
0.657009
0.502371
0.387581
0.372262
0.870161
0.644492
0.454459
0.013881
0.249593
0.655018
0.502548
0.413653
0.764934
0.251085
0.251088
0.494722
0.979458
0.728426
0.137977
0.619927
0.741047
0.345735
0.309252
0.224964
0.175661
0.032526
0.128339
0.805668
0.146990
0.974322
0.192074
0.506303
0.221444
0.490566
0.429187
0.006008
0.195933
0.758725
0.319211
0.352278
0.672012
0.600297
0.412402
0.799843
0.689342
0.966088
0.888797
0.611868
0.964914
0.468473
0.592310
0.382125
0.802254
0.413260
0.268350
0.258287
0.774833
0.707115
0.000000
0.000000
0.432492
0.365192
0.870907
0.746899
0.293565
0.267431
0.474663
0.187585
0.464467
0.932090
0.522797
0.589556
0.869481
0.438153
0.322969
0.755181
0.839699
0.578100
0.666557
0.455468
0.121224
0.479982
0.551048
0.519770
0.552880
0.300617
0.382022
0.386576
0.293036
0.008495
0.231599
0.184684
0.757295
0.794765
0.311464
0.388733
0.233897
0.455257
0.939028
0.818457
0.408714
0.716087
0.031690
0.833840
0.928836
0.037862
0.444646
0.810248
0.072500
0.334473
0.207682
0.882576
0.757996
0.283226
0.479338
0.748164
0.327006
0.296608
0.851844
0.563188
0.376571
0.092562
0.473123
0.672121
0.405600
0.649827
0.968575
0.170650
0.126446
0.915053
0.723024
0.664929
0.830991
0.611784
0.285825
0.049035
0.863034
0.060943
0.487475
0.633971
0.718358
0.352212
0.713236
0.530343
0.188670
0.120186
0.645035
0.133506
0.782469
0.187491
0.550517
0.624142
0.695422
0.861535
0.550685
0.921112
0.066643
0.963292
0.864858
0.048364
0.000000
0.000000
0.659325
0.903409
0.202481
0.129017
0.623958
0.024083
0.335645
0.913061
0.087178
0.552483
0.858960
0.411662
0.410058
0.658222
0.324513
0.151271
0.443100
0.976463
0.839012
0.269476
0.271195
0.530974
0.693255
0.419949
0.604731
0.601994
0.846799
0.271496
0.382616
0.857878
0.207329
0.137495
0.866618
0.774954
0.763324
0.594768
0.316310
0.635042
0.748612
0.880131
0.383435
0.099847
0.743409
0.170808
0.766339
0.680152
0.218565
0.535020
0.612998
0.862393
0.027797
0.565773
0.091830
0.344310
0.766412
0.556934
0.146862
0.883563
0.068198
0.331340
0.026604
0.280635
0.206624
0.771095
0.093583
0.215647
0.087544
0.784712
0.591053
0.320737
0.626914
0.903350
0.258894
0.392276
0.196699
0.819600
0.056821
0.453866
0.247607
0.371578
0.158080
0.588915
0.555943
0.143859
0.979443
0.737110
0.106972
0.091773
0.527357
0.323041
0.479809
0.105218
0.976113
0.767664
0.887274
0.671996
0.821830
0.219021
0.808962
0.257967
0.000000
0.000000
0.748182
0.394353
0.011162
0.162952
0.171035
0.465852
0.379054
0.208877
0.137434
0.688860
0.663014
0.226171
0.348771
0.741514
0.101764
0.815327
0.389130
0.303674
0.853230
0.570833
0.350559
0.520577
0.315947
0.491663
0.444098
0.791408
0.546849
0.414565
0.229839
0.213808
0.806040
0.942141
0.250037
0.840995
0.015769
0.137948
0.846464
0.313689
0.550650
0.804245
0.018622
0.315119
0.438340
0.005362
0.450933
0.556904
0.244232
0.581819
0.625427
0.370417
0.094722
0.742243
0.701715
0.360897
0.762969
0.710781
0.598949
0.319144
0.561600
0.215872
0.157546
0.527535
0.309273
0.607502
0.481271
0.565840
0.141260
0.469500
0.407103
0.446532
0.693939
0.245848
0.232893
0.126622
0.551058
0.547776
0.097336
0.320626
0.170678
0.853498
0.354472
0.530657
0.340342
0.893339
0.116115
0.838365
0.276024
0.242963
0.348204
0.162310
0.811153
0.068584
0.735234
0.759388
0.062837
0.796942
0.095009
0.029975
0.901613
0.738673
0.000000
0.000000
0.096220
0.586282
0.375119
0.775219
0.829339
0.853104
0.465395
0.436221
0.624491
0.911454
0.770977
0.871704
0.164040
0.890438
0.410372
0.641230
0.117760
0.847342
0.911655
0.156550
0.154199
0.727402
0.542100
0.128147
0.833992
0.530617
0.802049
0.082740
0.224642
0.852400
0.625255
0.708803
0.114560
0.923929
0.788139
0.662635
0.086889
0.819619
0.995500
0.162890
0.913297
0.607307
0.222747
0.691582
0.703014
0.949559
0.042249
0.115156
0.641023
0.777521
0.048071
0.684103
0.425177
0.767575
0.361507
0.198627
0.904196
0.105818
0.574339
0.242353
0.721229
0.623473
0.455078
0.783286
0.337683
0.152180
0.623935
0.276582
0.015973
0.973032
0.114281
0.228732
0.111459
0.973491
0.153779
0.694902
0.122845
0.718026
0.907962
0.738622
0.232137
0.216340
0.716537
0.787573
0.406855
0.809573
0.061316
0.182432
0.275155
0.953785
0.159466
0.359012
0.331436
0.821911
0.154725
0.530134
0.383188
0.941032
0.951569
0.994323
0.000000
0.000000
0.377142
0.381030
0.669387
0.125912
0.416635
0.126345
0.508597
0.905632
0.700417
0.532243
0.619968
0.117456
0.135139
0.416023
0.711040
0.710566
0.609414
0.759560
0.584463
0.391827
0.993919
0.606339
0.927006
0.876344
0.088238
0.282833
0.054229
0.150243
0.749900
0.399919
0.699506
0.087790
0.663085
0.388027
0.434635
0.794604
0.300597
0.385214
0.878944
0.904168
0.785362
0.309583
0.016397
0.165233
0.256228
0.474407
0.382141
0.034929
0.994925
0.108965
0.828778
0.939937
0.834522
0.163801
0.188157
0.357930
0.674173
0.929999
0.154619
0.933933
0.813771
0.171241
0.575562
0.067773
0.972895
0.233260
0.887573
0.650548
0.399839
0.415351
0.152186
0.024986
0.082195
0.156212
0.976289
0.167609
0.727804
0.220623
0.256293
0.497801
0.003234
0.043035
0.584524
0.879392
0.206185
0.965402
0.519033
0.656221
0.197566
0.091936
0.450332
0.299240
0.540781
0.621126
0.294265
0.330087
0.000049
0.086617
0.955298
0.186612
0.000000
0.000000
0.696833
0.672380
0.384620
0.769562
0.258190
0.210675
0.788005
0.858695
0.299875
0.824545
0.500871
0.334428
0.146560
0.262774
0.649761
0.078808
0.811017
0.585452
0.749183
0.650588
0.971564
0.977758
0.701186
0.121607
0.815232
0.733095
0.931868
0.097548
0.763445
0.382258
0.490998
0.561705
0.114236
0.090775
0.547688
0.095003
0.147605
0.895588
0.261381
0.851907
0.037940
0.532926
0.725970
0.006507
0.782429
0.414173
0.189786
0.668883
0.937223
0.299499
0.911074
0.369695
0.532627
0.615004
0.427578
0.129275
0.653027
0.769810
0.524190
0.617900
0.318705
0.593507
0.872809
0.917365
0.294104
0.588649
0.413959
0.568421
0.762430
0.596408
0.409804
0.912570
0.163175
0.149189
0.605704
0.820674
0.382639
0.489341
0.260687
0.211519
0.583593
0.809073
0.433083
0.501171
0.675243
0.760137
0.517352
0.642344
0.112401
0.209520
0.483935
0.628591
0.867863
0.171921
0.701071
0.550717
0.933528
0.590040
0.940020
0.877631
0.000000
0.000000
0.371444
0.444912
0.225087
0.493050
0.825564
0.163584
0.911542
0.854298
0.084178
0.939728
0.957402
0.946431
0.324601
0.200101
0.344353
0.781359
0.865359
0.958613
0.238216
0.820751
0.757460
0.347721
0.480360
0.964480
0.082551
0.671494
0.395744
0.392690
0.987660
0.518446
0.657579
0.122391
0.626620
0.107177
0.037169
0.553693
0.166429
0.788932
0.135872
0.782313
0.418996
0.315818
0.391943
0.900294
0.663898
0.810548
0.865644
0.901434
0.941495
0.650723
0.383542
0.938327
0.221689
0.763276
0.900416
0.489106
0.359207
0.221374
0.227025
0.250441
0.517198
0.178565
0.651808
0.152144
0.418341
0.766767
0.265070
0.247854
0.770286
0.515639
0.946744
0.480124
0.334666
0.744611
0.613858
0.620089
0.610891
0.699511
0.614084
0.743087
0.659204
0.962484
0.505698
0.160871
0.415327
0.411110
0.132222
0.303706
0.674805
0.100343
0.908181
0.879003
0.114430
0.687388
0.452892
0.843736
0.192926
0.669082
0.537489
0.489682
0.000000
0.000000
0.302921
0.946518
0.075353
0.338139
0.517214
0.998999
0.161218
0.171265
0.158692
0.277293
0.730733
0.664888
0.160246
0.028599
0.927459
0.744473
0.602956
0.359628
0.623227
0.403859
0.648574
0.560980
0.195369
0.082516
0.727700
0.521446
0.516722
0.025599
0.464682
0.498249
0.247768
0.838625
0.932092
0.986691
0.658207
0.244930
0.490231
0.635094
0.057087
0.086333
0.192317
0.239916
0.770642
0.000994
0.049765
0.815993
0.135238
0.320040
0.204997
0.177649
0.183178
0.957707
0.560229
0.773681
0.845736
0.477689
0.024397
0.324845
0.209800
0.866646
0.369534
0.323553
0.548372
0.210316
0.103387
0.272440
0.388580
0.705221
0.429550
0.593881
0.311938
0.727711
0.344316
0.973648
0.412914
0.479591
0.642070
0.771636
0.259653
0.182361
0.978042
0.799593
0.326077
0.333021
0.206355
0.680966
0.196593
0.277294
0.635944
0.101983
0.080684
0.742708
0.334941
0.616250
0.475182
0.749412
0.626708
0.300558
0.929988
0.489856
0.000000
0.000000
0.110667
0.816417
0.905263
0.632350
0.340090
0.547929
0.081994
0.348695
0.924808
0.845981
0.195356
0.810373
0.274381
0.641305
0.555176
0.566087
0.857677
0.100851
0.875812
0.729506
0.442962
0.207017
0.155384
0.729222
0.298434
0.564971
0.555411
0.712681
0.986874
0.484614
0.746326
0.533083
0.991118
0.122726
0.951606
0.132358
0.120950
0.913697
0.948391
0.664401
0.560719
0.157235
0.696642
0.412243
0.584161
0.988528
0.017587
0.621805
0.140601
0.803638
0.081500
0.329863
0.256919
0.073971
0.272371
0.509949
0.398254
0.004561
0.128841
0.918428
0.274778
0.751942
0.978500
0.573348
0.479438
0.118816
0.550471
0.699858
0.707422
0.241959
0.491268
0.553330
0.440694
0.668297
0.934104
0.652241
0.167204
0.240046
0.385329
0.320671
0.577733
0.987201
0.268445
0.578074
0.292130
0.918340
0.114386
0.474363
0.799147
0.825830
0.373904
0.291601
0.374562
0.986730
0.433303
0.815434
0.064260
0.427756
0.019945
0.381522
0.000000
0.000000
0.413975
0.559817
0.883424
0.486554
0.764060
0.670836
0.808685
0.992378
0.829611
0.207346
0.875211
0.132545
0.387054
0.135531
0.971518
0.076893
0.772686
0.772553
0.315079
0.408869
0.552582
0.434972
0.117924
0.764703
0.661832
0.859494
0.934465
0.469831
0.823892
0.089338
0.299632
0.079201
0.349164
0.809232
0.700243
0.975506
0.925661
0.093932
0.135193
0.058124
0.613356
0.830252
0.594379
0.359594
0.972236
0.263027
0.972675
0.550614
0.445332
0.898442
0.502367
0.918916
0.932712
0.114947
0.737801
0.661823
0.765809
0.130634
0.979465
0.671766
0.877025
0.054118
0.491370
0.487971
0.581804
0.911627
0.753654
0.885924
0.174586
0.073950
0.269284
0.212703
0.328674
0.660822
0.480162
0.211619
0.831131
0.220908
0.723293
0.661513
0.225986
0.741838
0.892221
0.721550
0.411032
0.715553
0.941583
0.935408
0.566644
0.035342
0.060221
0.188487
0.376143
0.568675
0.669032
0.904986
0.779430
0.886109
0.654046
0.126314
0.000000
0.000000
0.001606
0.173944
0.633862
0.818037
0.449098
0.808926
0.028704
0.035029
0.383493
0.306742
0.319732
0.230530
0.886074
0.487287
0.041079
0.711928
0.643612
0.954067
0.661807
0.281606
0.778931
0.073929
0.289664
0.331322
0.203542
0.586212
0.561016
0.004818
0.690914
0.296912
0.499545
0.403325
0.626382
0.652660
0.064413
0.627642
0.489337
0.011619
0.005715
0.487060
0.800290
0.706360
0.233991
0.405175
0.704176
0.295170
0.882003
0.063538
0.623685
0.596655
0.790452
0.599511
0.847338
0.158523
0.952556
0.663936
0.877101
0.117569
0.757527
0.493495
0.228911
0.509994
0.145322
0.084089
0.501285
0.970093
0.132227
0.968153
0.799162
0.978504
0.916251
0.529122
0.971668
0.264299
0.508324
0.486430
0.496718
0.322425
0.694638
0.276792
0.464211
0.690567
0.201160
0.538625
0.384692
0.796026
0.161871
0.665963
0.316941
0.335834
0.496205
0.613364
0.295386
0.047195
0.800776
0.199670
0.437974
0.383851
0.539918
0.394711
0.000000
0.000000
0.431350
0.160168
0.220123
0.027149
0.532484
0.716409
0.003144
0.376322
0.223804
0.927489
0.364579
0.882558
0.103385
0.023476
0.027227
0.160053
0.643784
0.786483
0.358532
0.452428
0.384988
0.897107
0.941879
0.221064
0.780332
0.453170
0.521616
0.948933
0.170153
0.687720
0.359971
0.078392
0.296301
0.752839
0.784809
0.713235
0.098723
0.423058
0.914450
0.423479
0.120291
0.273343
0.664207
0.834949
0.366877
0.942142
0.156456
0.816154
0.699504
0.643949
0.570955
0.001250
0.849033
0.753397
0.108463
0.890811
0.357079
0.150591
0.790381
0.533600
0.306903
0.414518
0.732280
0.378910
0.331937
0.164852
0.376288
0.589347
0.343622
0.272556
0.250682
0.856701
0.532726
0.654410
0.263865
0.895545
0.967375
0.437514
0.877302
0.855866
0.165141
0.018490
0.401168
0.342972
0.751241
0.127957
0.960332
0.203332
0.518123
0.698442
0.772351
0.664150
0.293054
0.964143
0.362940
0.181176
0.592624
0.488172
0.246213
0.942736
0.000000
0.000000
0.485832
0.912828
0.132181
0.308889
0.416052
0.405376
0.965959
0.185705
0.756597
0.947422
0.568697
0.079199
0.061555
0.629876
0.200154
0.752030
0.328319
0.459710
0.459615
0.334366
0.693235
0.627151
0.116430
0.057014
0.431622
0.932198
0.106777
0.021558
0.681619
0.734533
0.242597
0.881677
0.593712
0.588452
0.414261
0.078354
0.727415
0.854159
0.343735
0.873739
0.822174
0.192010
0.661103
0.084992
0.642457
0.562418
0.911144
0.826696
0.357485
0.764402
0.734211
0.080309
0.508570
0.304807
0.597675
0.505493
0.169023
0.809577
0.652410
0.536554
0.890410
0.054617
0.290995
0.572450
0.501362
0.728930
0.472028
0.928327
0.955823
0.670499
0.512824
0.801838
0.222816
0.884659
0.718208
0.825709
0.111116
0.562778
0.874265
0.817186
0.069111
0.546748
0.987206
0.789024
0.236375
0.390112
0.127884
0.104716
0.331665
0.745221
0.412248
0.857116
0.590870
0.678176
0.535104
0.092309
0.391083
0.447199
0.058708
0.716922
0.000000
0.000000
0.298500
0.995927
0.084576
0.015210
0.199680
0.807167
0.470187
0.312515
0.285839
0.980255
0.758296
0.130439
0.627206
0.457438
0.676300
0.707187
0.173622
0.504633
0.531882
0.536159
0.415750
0.555950
0.675618
0.511543
0.564917
0.094214
0.470120
0.168018
0.721046
0.982150
0.918919
0.406341
0.746485
0.438962
0.848423
0.445405
0.716190
0.656884
0.067300
0.613571
0.236159
0.532815
0.182686
0.984019
0.692138
0.290447
0.670496
0.574049
0.817599
0.250453
0.233696
0.269530
0.214309
0.971687
0.943982
0.892185
0.033880
0.300095
0.342851
0.214153
0.984142
0.306272
0.703487
0.452302
0.940975
0.379123
0.889984
0.244273
0.096271
0.213496
0.462795
0.810409
0.640792
0.558550
0.679713
0.326517
0.453995
0.665409
0.323922
0.368929
0.694256
0.389652
0.427662
0.221869
0.752488
0.774913
0.435776
0.071449
0.664482
0.431255
0.928291
0.746445
0.359858
0.376459
0.153394
0.664153
0.178855
0.882598
0.012159
0.057589
0.000000
0.000000
0.769750
0.046277
0.876322
0.768801
0.097644
0.445557
0.580650
0.606891
0.206605
0.153542
0.505913
0.483775
0.122946
0.299913
0.136112
0.052497
0.384324
0.739597
0.655878
0.958185
0.505262
0.635896
0.346017
0.246113
0.951219
0.165395
0.527489
0.996965
0.909318
0.651820
0.131448
0.724378
0.633320
0.797523
0.748181
0.034212
0.502791
0.375879
0.893228
0.182856
0.115821
0.402352
0.681242
0.750388
0.717709
0.732913
0.315496
0.670507
0.114069
0.949210
0.478182
0.595364
0.600479
0.396263
0.084978
0.261505
0.265062
0.503890
0.212931
0.354020
0.194789
0.509403
0.688792
0.452654
0.965958
0.761848
0.013360
0.901682
0.513946
0.627113
0.720144
0.024638
0.669805
0.761516
0.126657
0.684136
0.708735
0.725485
0.832527
0.600358
0.975620
0.905515
0.060750
0.752801
0.504867
0.180673
0.021146
0.972435
0.064957
0.685387
0.915244
0.732871
0.839285
0.800935
0.106101
0.714974
0.976811
0.091115
0.829691
0.279805
0.000000
0.000000
0.049111
0.544221
0.794897
0.540931
0.209677
0.299924
0.595379
0.677330
0.596771
0.315075
0.880238
0.968187
0.920503
0.352224
0.125387
0.241093
0.482372
0.917932
0.277608
0.633848
0.590686
0.434985
0.831961
0.117634
0.466665
0.327314
0.198070
0.808732
0.840797
0.746997
0.790546
0.931257
0.800120
0.726183
0.628289
0.027972
0.389147
0.162354
0.294792
0.669640
0.880292
0.069684
0.133639
0.554932
0.898312
0.011063
0.493846
0.455612
0.853321
0.645872
0.307548
0.057701
0.123995
0.941574
0.870666
0.421256
0.037310
0.778105
0.321381
0.630721
0.708436
0.889407
0.432397
0.963341
0.546627
0.686077
0.510319
0.060656
0.321237
0.339950
0.569587
0.221773
0.515893
0.895425
0.220210
0.446691
0.486933
0.809713
0.996452
0.416678
0.054001
0.892880
0.905732
0.124482
0.210983
0.539137
0.507961
0.550597
0.018758
0.756178
0.440746
0.350132
0.883870
0.959867
0.580104
0.511989
0.314867
0.324264
0.072139
0.434485
0.000000
0.000000
0.593759
0.345503
0.497011
0.410439
0.278115
0.843515
0.050843
0.732751
0.950452
0.324178
0.865683
0.317968
0.242463
0.236446
0.355658
0.184323
0.564303
0.843338
0.448505
0.515845
0.720597
0.718858
0.055654
0.401327
0.891187
0.551032
0.399553
0.985901
0.778446
0.951160
0.606036
0.242234
0.571672
0.715840
0.555187
0.389036
0.705330
0.778813
0.324529
0.950113
0.024150
0.330307
0.299193
0.714080
0.411948
0.913012
0.637443
0.442512
0.454596
0.876051
0.378729
0.706831
0.155957
0.918961
0.147236
0.329142
0.338878
0.917376
0.242338
0.768921
0.123215
0.650352
0.368461
0.962293
0.379013
0.587855
0.425115
0.029478
0.267319
0.349875
0.830448
0.376875
0.930828
0.534564
0.717585
0.413375
0.489588
0.559867
0.532023
0.500454
0.045570
0.842022
0.805646
0.052625
0.892408
0.751338
0.916715
0.042693
0.511986
0.595514
0.036217
0.093293
0.971358
0.315355
0.577954
0.161999
0.719157
0.024009
0.342633
0.484605
0.000000
0.000000
0.983516
0.531815
0.638042
0.351778
0.983152
0.130274
0.274166
0.729784
0.458503
0.847044
0.987244
0.873714
0.404141
0.309152
0.588970
0.801574
0.608659
0.865235
0.947244
0.323802
0.966916
0.519998
0.732963
0.646468
0.685937
0.370811
0.709007
0.550252
0.453119
0.704737
0.722382
0.187959
0.890657
0.238472
0.158590
0.038231
0.611598
0.426455
0.887758
0.557903
0.363472
0.373223
0.536710
0.062132
0.603668
0.110736
0.183794
0.507714
0.503891
0.408332
0.632575
0.758511
0.643364
0.742188
0.365867
0.397825
0.572417
0.089276
0.831080
0.064567
0.590066
0.551640
0.908909
0.215296
0.293925
0.861570
0.904177
0.075928
0.867049
0.922274
0.897107
0.671223
0.380087
0.218668
0.374471
0.583717
0.244844
0.935346
0.419360
0.650501
0.045561
0.347714
0.294267
0.308157
0.106439
0.858411
0.026406
0.130811
0.800691
0.416630
0.956380
0.527758
0.989265
0.956058
0.574671
0.323126
0.916138
0.833356
0.269750
0.909105
0.000000
0.000000
0.775901
0.418987
0.822715
0.385358
0.531290
0.044461
0.991295
0.475480
0.928476
0.681477
0.455076
0.092461
0.979850
0.290854
0.318163
0.595617
0.909171
0.362844
0.276407
0.500001
0.544387
0.995798
0.709986
0.768661
0.707429
0.720142
0.711083
0.854455
0.293984
0.843175
0.975741
0.662341
0.410975
0.171983
0.452644
0.906262
0.521005
0.854544
0.324815
0.863251
0.521503
0.914440
0.278767
0.926232
0.860987
0.313857
0.124959
0.669154
0.783675
0.385825
0.387063
0.851672
0.449074
0.828583
0.835590
0.892595
0.751444
0.674626
0.120279
0.029524
0.613580
0.731997
0.952489
0.626382
0.468834
0.486126
0.866306
0.817723
0.608385
0.568213
0.506953
0.864994
0.672173
0.288584
0.905850
0.059456
0.528498
0.508242
0.487967
0.849727
0.883787
0.931471
0.150489
0.031263
0.195924
0.636974
0.750837
0.308834
0.425672
0.627368
0.623781
0.588152
0.307472
0.325272
0.944397
0.867876
0.633137
0.556510
0.369767
0.531188
0.000000
0.000000
0.695429
0.735456
0.642719
0.770719
0.224598
0.431830
0.280555
0.824902
0.567656
0.777716
0.402530
0.685573
0.830196
0.810922
0.843169
0.348373
0.938789
0.072642
0.191493
0.549308
0.473068
0.075969
0.027669
0.051651
0.394293
0.972280
0.357932
0.529803
0.754378
0.361192
0.215639
0.014600
0.671757
0.183408
0.536287
0.262944
0.327010
0.978057
0.199449
0.802492
0.457472
0.572459
0.185828
0.119375
0.260704
0.618001
0.497009
0.988205
0.143066
0.353996
0.528892
0.685064
0.515825
0.090744
0.958893
0.446291
0.327091
0.036270
0.513323
0.805309
0.935986
0.484747
0.469850
0.844307
0.121247
0.151263
0.664570
0.817385
0.813310
0.872516
0.411224
0.116276
0.025963
0.140265
0.676929
0.841363
0.604344
0.170253
0.567849
0.844815
0.387638
0.614336
0.511441
0.422069
0.100299
0.775808
0.261107
0.055821
0.362384
0.204735
0.683874
0.121386
0.496511
0.653882
0.531370
0.954873
0.711451
0.848872
0.464571
0.831917
0.000000
0.000000
0.552036
0.363590
0.677023
0.765664
0.462302
0.616887
0.195282
0.676484
0.196548
0.566203
0.950976
0.962358
0.780872
0.771414
0.498902
0.111738
0.915425
0.855278
0.194865
0.379097
0.199557
0.633207
0.110980
0.970892
0.943316
0.643864
0.428537
0.836139
0.144608
0.166214
0.914477
0.481420
0.399169
0.519999
0.917020
0.665958
0.100062
0.928957
0.225968
0.828051
0.924523
0.810523
0.722847
0.142627
0.725367
0.771604
0.685773
0.946673
0.715044
0.245437
0.185144
0.260874
0.078525
0.031034
0.483976
0.407129
0.468669
0.627945
0.292702
0.105454
0.532700
0.914611
0.611328
0.883386
0.322803
0.223811
0.729784
0.351715
0.375433
0.292221
0.336310
0.834725
0.930962
0.660395
0.800442
0.289809
0.980118
0.934661
0.252889
0.702014
0.227204
0.702599
0.372388
0.764357
0.578817
0.346621
0.647895
0.790105
0.214318
0.964217
0.184434
0.688455
0.877845
0.960482
0.448048
0.660161
0.177909
0.570203
0.875365
0.188963
0.000000
0.000000
0.520634
0.412905
0.390760
0.460862
0.841927
0.105502
0.583814
0.417639
0.285878
0.852881
0.322958
0.047341
0.736750
0.026057
0.005979
0.425603
0.114312
0.110734
0.600376
0.371173
0.197762
0.544378
0.405600
0.886592
0.325269
0.370134
0.440725
0.110841
0.530543
0.139221
0.648370
0.957599
0.664252
0.795803
0.423835
0.146592
0.483062
0.829857
0.307027
0.900244
0.536329
0.066751
0.173802
0.067376
0.821816
0.281619
0.802981
0.125425
0.380857
0.207236
0.183939
0.734556
0.758988
0.976667
0.682816
0.822622
0.161150
0.072402
0.477761
0.364938
0.652602
0.781377
0.623469
0.042760
0.553818
0.824507
0.524514
0.974536
0.531738
0.941745
0.771150
0.988440
0.542175
0.694500
0.471984
0.254753
0.175429
0.888765
0.704656
0.087997
0.661183
0.909388
0.733939
0.255023
0.163059
0.252856
0.665030
0.477921
0.487527
0.287241
0.665658
0.512189
0.625403
0.477548
0.333428
0.893524
0.361033
0.543945
0.184532
0.964658
0.000000
0.000000
0.857827
0.211436
0.516947
0.051135
0.414097
0.335540
0.347308
0.049203
0.231118
0.211458
0.204407
0.701963
0.181707
0.328831
0.254349
0.518789
0.569651
0.241950
0.155469
0.855819
0.273100
0.537113
0.640634
0.867024
0.972269
0.571198
0.765289
0.708996
0.966007
0.628501
0.546908
0.561805
0.200946
0.674558
0.183677
0.642320
0.437662
0.671603
0.839980
0.790813
0.765948
0.548491
0.010980
0.809323
0.814242
0.651025
0.053845
0.443493
0.298464
0.432468
0.995522
0.957431
0.624372
0.354916
0.937155
0.138424
0.273175
0.268753
0.669671
0.072724
0.167115
0.522817
0.207374
0.665370
0.953289
0.413382
0.046699
0.462997
0.808692
0.964458
0.127910
0.407933
0.611491
0.171168
0.680576
0.498059
0.423991
0.987101
0.441568
0.787208
0.545799
0.859746
0.904952
0.785774
0.881181
0.098249
0.225756
0.649830
0.471713
0.701655
0.148043
0.200892
0.376838
0.332590
0.347566
0.612270
0.506125
0.255372
0.992961
0.533695
0.000000
0.000000
0.312882
0.404237
0.789008
0.021328
0.119872
0.288329
0.902105
0.507002
0.910784
0.269797
0.834058
0.621363
0.585997
0.621767
0.359415
0.474952
0.313957
0.066463
0.243020
0.605843
0.432007
0.435134
0.094993
0.059415
0.873154
0.166312
0.141568
0.655122
0.085736
0.774931
0.523517
0.242221
0.128267
0.121529
0.045482
0.790319
0.078209
0.461646
0.853323
0.653430
0.801717
0.985093
0.707745
0.372467
0.704270
0.804820
0.088457
0.069213
0.773167
0.865024
0.353750
0.684645
0.604428
0.195489
0.648647
0.329118
0.423915
0.809430
0.709107
0.300392
0.099304
0.350878
0.864156
0.880353
0.980479
0.434332
0.189795
0.371238
0.386625
0.200509
0.832501
0.352846
0.432289
0.337799
0.149297
0.227915
0.621770
0.779810
0.232774
0.023571
0.589244
0.155114
0.132785
0.602211
0.720971
0.734668
0.884293
0.847760
0.275216
0.492806
0.370473
0.764941
0.804565
0.585399
0.679866
0.224707
0.211982
0.685971
0.890040
0.253121
0.000000
0.000000
0.845869
0.125960
0.638700
0.948569
0.788069
0.610112
0.570832
0.005685
0.603226
0.248210
0.308266
0.703190
0.494121
0.967223
0.051533
0.927169
0.266309
0.944179
0.643922
0.473569
0.787605
0.008244
0.147523
0.685722
0.540117
0.545703
0.482778
0.109235
0.566439
0.347935
0.823094
0.475841
0.979603
0.062654
0.220057
0.569972
0.294325
0.349787
0.502293
0.901519
0.491532
0.054870
0.176584
0.409196
0.650318
0.488483
0.937002
0.899338
0.660095
0.831382
0.862780
0.353631
0.395755
0.061532
0.576575
0.734418
0.910770
0.498293
0.341640
0.254815
0.859574
0.557167
0.967442
0.928484
0.411617
0.075333
0.971707
0.372588
0.105533
0.246376
0.886852
0.693674
0.239958
0.874929
0.727400
0.725466
0.657167
0.705079
0.004475
0.835158
0.621681
0.294445
0.557943
0.111300
0.222350
0.535576
0.599388
0.886457
0.150578
0.995290
0.224881
0.956571
0.166786
0.664328
0.334995
0.513238
0.460940
0.661014
0.126723
0.543694
0.000000
0.000000
0.132415
0.418486
0.629258
0.510806
0.934778
0.612507
0.995308
0.960349
0.628413
0.244922
0.432179
0.418252
0.907664
0.126856
0.984521
0.224215
0.723312
0.857138
0.290793
0.960034
0.389796
0.611759
0.779363
0.309989
0.971905
0.813434
0.950937
0.422280
0.370103
0.653472
0.881683
0.815387
0.598302
0.501179
0.417191
0.489822
0.921581
0.531001
0.786965
0.093595
0.100690
0.271035
0.947427
0.975537
0.721926
0.666838
0.865026
0.433141
0.260448
0.426754
0.853331
0.800342
0.892140
0.137811
0.774173
0.306009
0.200559
0.420304
0.049853
0.284183
0.089626
0.041480
0.307105
0.830452
0.010892
0.852670
0.340920
0.359856
0.394813
0.670486
0.138560
0.391976
0.317853
0.825778
0.107749
0.938661
0.412453
0.778485
0.434389
0.189082
0.079325
0.909964
0.362297
0.878539
0.524674
0.421076
0.889002
0.381308
0.366317
0.218563
0.886182
0.397813
0.142166
0.815947
0.459314
0.259138
0.703617
0.439617
0.025883
0.321681
0.000000
0.000000
0.429099
0.272461
0.160122
0.791428
0.547702
0.310451
0.895318
0.366257
0.329022
0.614757
0.196049
0.327196
0.177352
0.458331
0.800968
0.435426
0.083030
0.581772
0.554002
0.035769
0.164748
0.920836
0.382636
0.518605
0.318030
0.533014
0.681913
0.331250
0.205353
0.663741
0.944835
0.134696
0.306963
0.743772
0.597540
0.052299
0.612897
0.246977
0.355439
0.022941
0.584341
0.087656
0.670121
0.570270
0.919817
0.271888
0.810096
0.133864
0.106842
0.800046
0.308654
0.081561
0.975627
0.233957
0.182275
0.841130
0.246051
0.091497
0.988785
0.456853
0.562129
0.352164
0.053152
0.012946
0.929790
0.442459
0.701651
0.942281
0.016522
0.260090
0.477002
0.568107
0.758960
0.251417
0.403643
0.077325
0.201937
0.889485
0.657967
0.634768
0.015725
0.184592
0.024898
0.794623
0.301395
0.486479
0.493140
0.060259
0.714068
0.000437
0.717890
0.460762
0.703211
0.788804
0.008667
0.250544
0.093206
0.784612
0.016019
0.834665
0.000000
0.000000
0.069172
0.190076
0.077143
0.750817
0.145963
0.390151
0.459106
0.199018
0.323668
0.958291
0.157974
0.715969
0.234941
0.811178
0.784252
0.742854
0.742559
0.086362
0.304317
0.457870
0.544277
0.424950
0.224748
0.356380
0.087843
0.420388
0.054499
0.998400
0.189796
0.268990
0.108976
0.950467
0.657461
0.876897
0.912224
0.028904
0.457269
0.424967
0.487531
0.908119
0.902693
0.629243
0.865307
0.667290
0.351291
0.224182
0.171018
0.004048
0.488702
0.480632
0.277362
0.766978
0.755408
0.299786
0.483628
0.399227
0.378661
0.507946
0.767680
0.386835
0.642585
0.306760
0.412563
0.121218
0.717996
0.522809
0.386596
0.503380
0.070982
0.596021
0.635616
0.340578
0.228131
0.365830
0.037036
0.179458
0.118349
0.692841
0.724150
0.000300
0.665859
0.949853
0.663976
0.024489
0.050229
0.422597
0.144323
0.332518
0.277867
0.969574
0.265820
0.403865
0.268229
0.780367
0.710380
0.757620
0.234633
0.427231
0.154718
0.017787
0.000000
0.000000
0.560176
0.398735
0.179052
0.785186
0.309633
0.526772
0.310054
0.876267
0.084063
0.478137
0.117348
0.711018
0.546966
0.948908
0.675819
0.276941
0.465821
0.662703
0.621549
0.096600
0.741070
0.854473
0.677089
0.708497
0.096696
0.385865
0.054228
0.789559
0.185727
0.342954
0.080320
0.818654
0.160841
0.780493
0.970109
0.376168
0.803725
0.149233
0.880941
0.495625
0.155768
0.680437
0.615720
0.606815
0.771076
0.273396
0.975153
0.453366
0.429676
0.499226
0.057730
0.442733
0.236332
0.198818
0.511877
0.639211
0.136920
0.263611
0.718370
0.500848
0.161426
0.362762
0.120705
0.719311
0.272571
0.679102
0.676822
0.261148
0.482880
0.482485
0.406589
0.869108
0.874848
0.364716
0.584760
0.805452
0.747229
0.203356
0.184201
0.246265
0.873112
0.432894
0.296065
0.434100
0.587532
0.714949
0.178084
0.889814
0.354457
0.901393
0.573341
0.451455
0.478738
0.736684
0.586126
0.726697
0.392330
0.886157
0.960270
0.578016
0.000000
0.000000
0.324737
0.042245
0.396559
0.730179
0.606972
0.718990
0.250996
0.053338
0.759055
0.785932
0.084634
0.766152
0.779851
0.791700
0.814479
0.592059
0.499513
0.580303
0.124657
0.790981
0.267547
0.780362
0.866618
0.807843
0.341293
0.216711
0.106308
0.803434
0.512211
0.447347
0.584738
0.312500
0.204104
0.637744
0.485488
0.102658
0.063373
0.722098
0.242368
0.701920
0.546985
0.769254
0.729116
0.560781
0.268749
0.346336
0.764051
0.560404
0.115030
0.594709
0.416514
0.428420
0.124759
0.340499
0.363346
0.603871
0.673931
0.215095
0.150703
0.123175
0.257435
0.034813
0.850182
0.727522
0.412929
0.146059
0.547684
0.807428
0.363309
0.473296
0.448754
0.712281
0.808148
0.221375
0.298862
0.980309
0.704161
0.400640
0.376934
0.331996
0.733300
0.542461
0.552835
0.137802
0.684378
0.287873
0.920037
0.123717
0.756873
0.443668
0.888166
0.849300
0.649569
0.973201
0.863969
0.473305
0.906712
0.325266
0.636844
0.935706
0.000000
0.000000
0.404066
0.885736
0.617030
0.090247
0.719620
0.126661
0.853198
0.050885
0.361839
0.873280
0.515258
0.587033
0.700768
0.862981
0.209788
0.385268
0.800691
0.496231
0.099189
0.395446
0.897737
0.152473
0.763562
0.977882
0.156375
0.905332
0.354621
0.691328
0.072577
0.357312
0.858594
0.449682
0.104947
0.516182
0.421291
0.781769
0.915305
0.677432
0.591661
0.501760
0.861400
0.367586
0.588253
0.059062
0.737914
0.395384
0.216761
0.162589
0.596190
0.137636
0.009855
0.825038
0.186945
0.079398
0.090966
0.754511
0.924770
0.108547
0.628742
0.826441
0.088587
0.019594
0.899347
0.482896
0.814296
0.927432
0.138299
0.142489
0.873720
0.309710
0.171092
0.841106
0.467080
0.535393
0.986250
0.111492
0.637098
0.131153
0.902545
0.919284
0.555231
0.326800
0.913069
0.433970
0.783338
0.232025
0.247337
0.061166
0.534627
0.487156
0.799980
0.677186
0.697624
0.355835
0.555573
0.531014
0.384206
0.751251
0.679833
0.591095
0.000000
0.000000
0.071723
0.150225
0.321385
0.873153
0.789856
0.673415
0.400202
0.953753
0.852408
0.389019
0.680484
0.467278
0.150840
0.240406
0.218214
0.582013
0.323198
0.026502
0.603086
0.546332
0.605611
0.486940
0.996792
0.310086
0.271505
0.205153
0.860582
0.128385
0.817595
0.859578
0.497394
0.872408
0.710579
0.629654
0.631500
0.921663
0.983462
0.669526
0.147308
0.033410
0.214195
0.334714
0.558366
0.398032
0.048662
0.500736
0.444558
0.308007
0.859666
0.539685
0.354328
0.085792
0.406631
0.464350
0.222366
0.069526
0.723006
0.213383
0.297015
0.576003
0.761472
0.821261
0.486000
0.469918
0.500509
0.757932
0.293393
0.814081
0.702899
0.005188
0.157699
0.659034
0.858157
0.393497
0.692006
0.981078
0.918559
0.515408
0.633685
0.380169
0.090777
0.231530
0.084097
0.987838
0.461886
0.765912
0.747291
0.470032
0.448240
0.803786
0.599512
0.426883
0.312192
0.309687
0.718958
0.687239
0.553300
0.879111
0.064639
0.891303
0.000000
0.000000
0.625345
0.060434
0.981685
0.895115
0.303067
0.543197
0.348116
0.365162
0.513119
0.801679
0.476633
0.990537
0.373118
0.847064
0.034034
0.776624
0.332506
0.260271
0.649372
0.966250
0.584177
0.866829
0.521900
0.412200
0.539978
0.286842
0.680183
0.406962
0.134729
0.581937
0.123756
0.941924
0.322997
0.721008
0.830360
0.062593
0.237211
0.606775
0.829403
0.688172
0.047465
0.684140
0.898084
0.057801
0.097478
0.397986
0.894307
0.670603
0.824436
0.868541
0.630400
0.572471
0.458006
0.442414
0.085605
0.029185
0.807198
0.674512
0.278755
0.192916
0.393832
0.632389
0.226149
0.039838
0.089118
0.323416
0.606973
0.428086
0.898608
0.524721
0.830478
0.517509
0.396294
0.206392
0.721466
0.365306
0.554459
0.639404
0.753737
0.451074
0.020777
0.196556
0.259583
0.516319
0.248657
0.637145
0.693328
0.760637
0.261055
0.195353
0.840167
0.212767
0.720412
0.597715
0.150195
0.573005
0.401682
0.339430
0.549351
0.855896
0.000000
0.000000
0.453750
0.354616
0.414433
0.321705
0.908034
0.949823
0.705127
0.092712
0.809127
0.270910
0.686818
0.913362
0.093724
0.296964
0.770117
0.518973
0.617104
0.119180
0.560546
0.956474
0.727426
0.923324
0.053315
0.725329
0.082218
0.723739
0.046013
0.585463
0.301187
0.414614
0.958604
0.198470
0.493991
0.089440
0.840810
0.644451
0.007577
0.958096
0.223987
0.229781
0.778080
0.992296
0.546847
0.102572
0.056159
0.226458
0.309543
0.812212
0.855900
0.144305
0.213037
0.026683
0.336916
0.676327
0.955312
0.050019
0.711659
0.231649
0.160009
0.743779
0.971007
0.370248
0.655211
0.681565
0.126673
0.967532
0.242464
0.532757
0.831442
0.682295
0.517143
0.409770
0.145103
0.245447
0.698868
0.418337
0.152318
0.813383
0.096070
0.873282
0.515467
0.163709
0.745842
0.430237
0.157694
0.085008
0.863948
0.777137
0.267016
0.284650
0.606987
0.047323
0.835552
0.968805
0.750099
0.924233
0.107002
0.909173
0.819581
0.643611
0.000000
0.000000
0.998836
0.214788
0.990736
0.022532
0.395219
0.563025
0.563885
0.469445
0.443562
0.201572
0.196177
0.852231
0.691139
0.378856
0.190250
0.255625
0.296934
0.895806
0.990960
0.083994
0.347041
0.088489
0.630638
0.251839
0.425897
0.509122
0.278465
0.538284
0.802519
0.122272
0.750470
0.479909
0.998873
0.467013
0.541109
0.088269
0.969897
0.622368
0.449769
0.910040
0.906431
0.126485
0.257116
0.603376
0.188140
0.265717
0.173815
0.508511
0.626585
0.414564
0.093889
0.349815
0.529131
0.992406
0.105609
0.630544
0.604035
0.774605
0.468811
0.146116
0.217221
0.871435
0.942321
0.107124
0.503180
0.304810
0.775986
0.727620
0.268043
0.768497
0.841389
0.402734
0.940376
0.015570
0.614082
0.158757
0.381189
0.424770
0.681174
0.386247
0.253976
0.768899
0.182140
0.998522
0.321244
0.120657
0.777145
0.962255
0.392393
0.675611
0.296859
0.229252
0.840676
0.389843
0.622379
0.815036
0.957021
0.495669
0.843765
0.544223
0.000000
0.000000
0.601901
0.443624
0.681931
0.672829
0.918900
0.613000
0.232763
0.143404
0.173156
0.752996
0.075456
0.073975
0.254969
0.154131
0.190445
0.647049
0.788235
0.008241
0.983649
0.007854
0.811520
0.108752
0.919952
0.029213
0.607310
0.721582
0.078076
0.724386
0.916474
0.697822
0.887139
0.602332
0.976875
0.808546
0.967741
0.440782
0.700025
0.609180
0.393230
0.132993
0.649266
0.557880
0.295924
0.049130
0.707802
0.126990
0.898756
0.055555
0.264020
0.077889
0.931760
0.007330
0.127142
0.999144
0.322914
0.021409
0.182991
0.224222
0.955768
0.131934
0.349740
0.920668
0.395699
0.877898
0.599994
0.523797
0.092441
0.956320
0.537690
0.811033
0.542094
0.699663
0.986274
0.090131
0.949381
0.048659
0.949645
0.193112
0.201633
0.338184
0.023182
0.364416
0.488462
0.176567
0.830928
0.024942
0.667334
0.727743
0.057534
0.607153
0.008835
0.651076
0.441432
0.610481
0.152960
0.145852
0.975867
0.729807
0.020607
0.322209
0.000000
0.000000
0.369825
0.203027
0.491666
0.150886
0.844434
0.529840
0.597148
0.313581
0.342638
0.459078
0.066169
0.294783
0.689273
0.146156
0.978600
0.990193
0.146376
0.421966
0.691343
0.602278
0.905658
0.164265
0.345835
0.474934
0.348738
0.577056
0.560850
0.961406
0.484255
0.474723
0.558883
0.699392
0.900073
0.282247
0.702969
0.622674
0.286727
0.908545
0.784926
0.936511
0.891749
0.335918
0.619101
0.465530
0.121341
0.936179
0.528669
0.912121
0.238373
0.323023
0.642091
0.390034
0.052766
0.788909
0.667783
0.617170
0.081431
0.266838
0.601494
0.954097
0.234934
0.177794
0.398759
0.425414
0.601451
0.091545
0.952334
0.187562
0.972805
0.360724
0.977246
0.140846
0.252859
0.183470
0.411527
0.488473
0.793632
0.575153
0.475707
0.538060
0.040174
0.461548
0.717456
0.597373
0.971044
0.662558
0.151639
0.129695
0.910227
0.919821
0.138694
0.049324
0.257313
0.941199
0.397779
0.383958
0.763093
0.159314
0.848382
0.334966
0.000000
0.000000
0.633374
0.031231
0.629981
0.778259
0.440112
0.108657
0.083437
0.624822
0.314114
0.849460
0.080589
0.759613
0.693574
0.703863
0.162100
0.327690
0.752105
0.115662
0.867498
0.552568
0.871504
0.975112
0.618629
0.275383
0.012245
0.955379
0.695019
0.151393
0.634488
0.204357
0.936055
0.227440
0.151101
0.986461
0.962150
0.860445
0.432242
0.479350
0.814827
0.420264
0.006202
0.084647
0.453230
0.962693
0.293770
0.332965
0.720626
0.143760
0.756308
0.825097
0.673240
0.211668
0.996928
0.871917
0.806598
0.497581
0.528670
0.225910
0.522807
0.225759
0.322639
0.215900
0.478137
0.498401
0.833516
0.346034
0.043692
0.804295
0.680996
0.823886
0.132544
0.055362
0.839518
0.789196
0.989123
0.028383
0.755971
0.165010
0.306988
0.363936
0.426262
0.911934
0.763025
0.661571
0.845344
0.062101
0.006700
0.067299
0.079722
0.892788
0.299391
0.116922
0.149209
0.759699
0.407083
0.627789
0.076095
0.708175
0.897093
0.253273
0.000000
0.000000
0.900364
0.161242
0.898326
0.689731
0.968659
0.408226
0.923152
0.327626
0.053934
0.633029
0.196258
0.025951
0.580641
0.509934
0.636414
0.815610
0.791716
0.417551
0.279136
0.657654
0.522128
0.040861
0.677241
0.272854
0.365029
0.807321
0.950363
0.387503
0.975756
0.099489
0.922638
0.003784
0.818431
0.873722
0.778633
0.905755
0.352489
0.869232
0.611621
0.999552
0.277499
0.294403
0.866888
0.332022
0.209272
0.462375
0.591313
0.010521
0.099790
0.722084
0.050392
0.325850
0.296031
0.921328
0.701264
0.100576
0.257012
0.215864
0.326189
0.352184
0.844906
0.108587
0.139179
0.205930
0.045981
0.573156
0.848887
0.317975
0.018219
0.420060
0.687051
0.146975
0.244177
0.201349
0.265472
0.632428
0.300695
0.380894
0.600240
0.226737
0.553231
0.323972
0.715794
0.174724
0.902140
0.060271
0.800820
0.009753
0.071635
0.353747
0.404974
0.437170
0.187296
0.053631
0.929980
0.602348
0.950669
0.542333
0.967030
0.161851
0.000000
0.000000
0.000408
0.862164
0.319557
0.195163
0.999362
0.210407
0.272576
0.948422
0.015492
0.887162
0.654090
0.954638
0.382762
0.600172
0.252954
0.600511
0.203126
0.683679
0.151722
0.330314
0.773901
0.342534
0.063227
0.729304
0.597880
0.042816
0.792758
0.797492
0.920373
0.562240
0.136554
0.336179
0.574452
0.216514
0.751942
0.682882
0.521115
0.638823
0.947238
0.025881
0.358958
0.459612
0.258553
0.343806
0.899733
0.857795
0.579518
0.033174
0.272677
0.753969
0.778808
0.684031
0.846519
0.645890
0.751747
0.686224
0.019813
0.237009
0.328568
0.351043
0.025446
0.388437
0.190632
0.422469
0.309642
0.635185
0.171314
0.105098
0.303279
0.316111
0.035754
0.260767
0.333106
0.967157
0.429574
0.728695
0.191518
0.236023
0.586506
0.639007
0.427934
0.641483
0.888875
0.654913
0.380413
0.304030
0.296674
0.886429
0.150363
0.904947
0.515689
0.336921
0.049459
0.839670
0.919364
0.940773
0.302364
0.362952
0.307883
0.395765
0.000000
0.000000
0.154217
0.163446
0.852952
0.769747
0.491385
0.999157
0.407588
0.734951
0.896534
0.496156
0.575786
0.736351
0.838186
0.646851
0.448586
0.292890
0.089768
0.719475
0.887216
0.641993
0.525442
0.188134
0.255373
0.549686
0.327011
0.161806
0.911789
0.836503
0.673006
0.460212
0.053569
0.046812
0.259344
0.152789
0.645874
0.191033
0.779191
0.225398
0.458585
0.260436
0.766020
0.834907
0.302078
0.405612
0.932164
0.201369
0.768569
0.629277
0.247940
0.387768
0.256167
0.896660
0.397853
0.870882
0.105838
0.661077
0.484471
0.107237
0.660863
0.068623
0.718599
0.549240
0.984246
0.059639
0.466955
0.043424
0.966702
0.434133
0.106433
0.580652
0.056258
0.890725
0.274655
0.472942
0.716299
0.549407
0.203060
0.491827
0.664224
0.116878
0.220608
0.438810
0.690675
0.453463
0.932520
0.772935
0.010208
0.926492
0.103036
0.409148
0.067406
0.726595
0.944619
0.671218
0.462864
0.154625
0.077512
0.457431
0.399898
0.894198
0.000000
0.000000
0.540699
0.257075
0.499716
0.229488
0.166902
0.317505
0.603471
0.471786
0.775889
0.821134
0.281149
0.657494
0.122041
0.757274
0.022025
0.461853
0.248502
0.722145
0.851288
0.063311
0.667713
0.676213
0.037106
0.456354
0.121318
0.449668
0.902531
0.016662
0.911600
0.308635
0.850961
0.067329
0.244300
0.346136
0.445861
0.126330
0.523167
0.844230
0.671424
0.928287
0.446629
0.188428
0.408936
0.109710
0.137119
0.113188
0.796159
0.921988
0.439971
0.353433
0.751453
0.481417
0.566860
0.186744
0.406038
0.371245
0.098761
0.929088
0.752822
0.090184
0.345141
0.264268
0.479698
0.493694
0.920759
0.164688
0.838922
0.766712
0.538311
0.144091
0.601295
0.900762
0.232208
0.602938
0.692607
0.032293
0.323163
0.595879
0.556521
0.259600
0.244138
0.331197
0.883462
0.460793
0.048124
0.626470
0.935752
0.632523
0.713815
0.035494
0.458125
0.289177
0.965258
0.418321
0.046244
0.619538
0.463113
0.226426
0.954607
0.605101
0.000000
0.000000
0.825419
0.150346
0.594477
0.756067
0.123246
0.988025
0.068551
0.198986
0.228648
0.317257
0.509201
0.385840
0.952749
0.332116
0.664658
0.806118
0.077692
0.078930
0.057771
0.371015
0.627968
0.833227
0.383578
0.510700
0.274575
0.393865
0.794238
0.100268
0.154818
0.053040
0.441637
0.985401
0.098590
0.817388
0.628399
0.489915
0.462918
0.538645
0.364224
0.683014
0.934344
0.490558
0.578221
0.293881
0.649950
0.894183
0.790374
0.011377
0.634980
0.061386
0.411624
0.934336
0.035486
0.779275
0.695677
0.000224
0.487452
0.245264
0.600356
0.636851
0.688679
0.363873
0.646244
0.584491
0.007359
0.104367
0.844263
0.150720
0.113663
0.519620
0.416498
0.688089
0.711661
0.963358
0.406990
0.529846
0.707692
0.887821
0.997928
0.426824
0.336981
0.179088
0.377805
0.714502
0.621314
0.299805
0.684011
0.259732
0.043750
0.220709
0.613647
0.258728
0.337964
0.462143
0.319828
0.367476
0.415097
0.962405
0.593639
0.448251
0.000000
0.000000
0.273440
0.756441
0.400288
0.362836
0.414842
0.541967
0.734387
0.979073
0.740626
0.976817
0.141793
0.215635
0.768777
0.938619
0.830955
0.235567
0.550486
0.620743
0.961610
0.955933
0.202597
0.292543
0.573559
0.504591
0.040650
0.221133
0.290436
0.038981
0.639736
0.355139
0.559469
0.211493
0.961561
0.565008
0.639574
0.007157
0.496863
0.318506
0.671352
0.123908
0.013469
0.531986
0.430337
0.681936
0.980707
0.337225
0.383124
0.746646
0.718821
0.984108
0.436302
0.554472
0.902354
0.116443
0.077087
0.842634
0.322958
0.466116
0.712689
0.452791
0.312839
0.021725
0.005584
0.066954
0.045807
0.501218
0.244031
0.362475
0.860384
0.924489
0.943147
0.011531
0.929649
0.276271
0.094063
0.816746
0.637373
0.571246
0.000786
0.298570
0.879559
0.439419
0.229289
0.731568
0.164205
0.565655
0.655372
0.040961
0.165846
0.147432
0.713365
0.861988
0.478664
0.488003
0.516798
0.355013
0.196823
0.320337
0.784707
0.061290
0.000000
0.000000
0.600779
0.754940
0.770446
0.237708
0.694928
0.327655
0.927080
0.507350
0.245879
0.102020
0.776708
0.897145
0.521304
0.443606
0.698452
0.958045
0.618924
0.040730
0.779311
0.597367
0.468844
0.236836
0.477898
0.752715
0.345712
0.905169
0.653525
0.526171
0.582550
0.594219
0.640665
0.129226
0.281599
0.850716
0.188381
0.316728
0.776266
0.530813
0.358724
0.904914
0.063797
0.771967
0.247129
0.860338
0.336398
0.918752
0.370570
0.920388
0.370083
0.209627
0.601844
0.225216
0.312975
0.240784
0.145785
0.375642
0.627658
0.772475
0.480745
0.052137
0.882047
0.373132
0.429522
0.206545
0.709746
0.535025
0.776877
0.144508
0.265593
0.517228
0.392309
0.130876
0.109111
0.118039
0.946885
0.327314
0.037608
0.398188
0.984325
0.246380
0.004972
0.670044
0.267659
0.565879
0.759093
0.168664
0.944238
0.434962
0.052289
0.402660
0.863054
0.050192
0.049031
0.308576
0.441994
0.418568
0.454994
0.191100
0.041239
0.628455
0.000000
0.000000
0.796339
0.559835
0.705867
0.228367
0.073966
0.398401
0.315619
0.252222
0.131501
0.551004
0.316515
0.303889
0.658682
0.408438
0.490179
0.102106
0.094960
0.242402
0.706991
0.808296
0.727004
0.042198
0.106635
0.999742
0.831658
0.858027
0.236371
0.992837
0.385990
0.654279
0.861111
0.412065
0.563301
0.511723
0.262728
0.826463
0.449370
0.388389
0.788208
0.358420
0.065412
0.241552
0.559615
0.098697
0.563233
0.133428
0.748840
0.615360
0.742871
0.165281
0.185049
0.933480
0.266689
0.870838
0.620443
0.070917
0.842939
0.731347
0.575666
0.012257
0.801911
0.958022
0.776820
0.335160
0.738774
0.992104
0.194893
0.186318
0.450693
0.029169
0.322863
0.326985
0.571544
0.407732
0.666956
0.428835
0.944428
0.486794
0.743654
0.160982
0.299760
0.730207
0.748131
0.963074
0.061848
0.831070
0.609417
0.374604
0.828054
0.283813
0.092779
0.587566
0.750556
0.249357
0.392552
0.567293
0.973106
0.927109
0.796668
0.202986
0.000000
0.000000
0.546777
0.227400
0.683580
0.862332
0.503939
0.479833
0.105424
0.834415
0.676917
0.075345
0.209523
0.729834
0.171447
0.299794
0.878968
0.785542
0.491414
0.072386
0.474553
0.611895
0.493205
0.826244
0.049302
0.302738
0.008171
0.827534
0.919839
0.946979
0.314900
0.785546
0.642513
0.649683
0.135569
0.902015
0.820181
0.238079
0.146404
0.797801
0.905025
0.673968
0.348489
0.870641
0.570126
0.215502
0.247412
0.038956
0.366396
0.657880
0.732769
0.080876
0.167077
0.859321
0.899520
0.892586
0.270904
0.613101
0.815827
0.750941
0.216843
0.481237
0.933375
0.607724
0.355166
0.970316
0.301536
0.226507
0.467713
0.699254
0.089868
0.031368
0.519022
0.882047
0.105482
0.760346
0.845942
0.089755
0.320856
0.167253
0.847441
0.484674
0.700075
0.505960
0.293790
0.628325
0.635451
0.768463
0.639726
0.695237
0.163123
0.963779
0.661781
0.235516
0.213519
0.979790
0.732253
0.471757
0.653162
0.223368
0.959164
0.256856
0.000000
0.000000
0.994226
0.843261
0.584664
0.776096
0.279547
0.247772
0.076030
0.632241
0.655586
0.282134
0.395725
0.606569
0.088420
0.372117
0.356089
0.401892
0.468301
0.140463
0.360860
0.121108
0.426507
0.166732
0.320988
0.255264
0.258439
0.525496
0.734890
0.103627
0.745557
0.592624
0.256117
0.071340
0.617788
0.072914
0.129113
0.801128
0.483914
0.055029
0.666783
0.053864
0.798107
0.621523
0.421490
0.143159
0.619456
0.831902
0.109756
0.750630
0.214510
0.691042
0.646407
0.200012
0.540147
0.463328
0.613377
0.189511
0.778633
0.312764
0.075959
0.611002
0.258461
0.711896
0.938614
0.724694
0.542110
0.898957
0.741328
0.486692
0.578137
0.896811
0.044710
0.127641
0.108806
0.475015
0.846480
0.730708
0.623827
0.999680
0.866165
0.061829
0.177114
0.752996
0.006013
0.748460
0.709497
0.310462
0.972411
0.596590
0.448623
0.805859
0.429598
0.218553
0.355182
0.595623
0.631222
0.228226
0.018411
0.671026
0.568729
0.081950
0.000000
0.000000
0.955856
0.821289
0.056694
0.958929
0.690570
0.235262
0.512067
0.950884
0.970568
0.772060
0.049846
0.520956
0.576779
0.738153
0.829056
0.651921
0.397174
0.376636
0.056560
0.400878
0.206968
0.804523
0.177932
0.381374
0.263951
0.019667
0.583354
0.232406
0.661198
0.037396
0.162098
0.531949
0.610186
0.543449
0.070050
0.097116
0.793298
0.294641
0.194488
0.185171
0.183967
0.784071
0.522979
0.768699
0.423602
0.803905
0.936690
0.487981
0.364477
0.419900
0.389491
0.663041
0.968136
0.750795
0.593196
0.978178
0.554487
0.755556
0.269541
0.850364
0.609850
0.498119
0.439435
0.188652
0.872607
0.092992
0.761071
0.004727
0.077202
0.128766
0.938049
0.769388
0.546711
0.798601
0.564513
0.902077
0.843568
0.833722
0.198783
0.646764
0.073502
0.895927
0.697071
0.201221
0.630236
0.018942
0.808551
0.016706
0.846119
0.160226
0.712568
0.371874
0.569406
0.955181
0.624618
0.062761
0.205801
0.071982
0.018303
0.538917
0.000000
0.000000
0.901273
0.824824
0.436847
0.096482
0.406813
0.384200
0.643941
0.563290
0.194428
0.617281
0.323093
0.873312
0.757050
0.752059
0.540619
0.539114
0.078321
0.345273
0.693639
0.274690
0.143385
0.616098
0.547723
0.098374
0.689295
0.311157
0.914853
0.779510
0.537806
0.402242
0.805398
0.168804
0.742506
0.285577
0.244069
0.262482
0.366229
0.899091
0.848973
0.511741
0.106667
0.597546
0.561055
0.008566
0.517907
0.265400
0.468041
0.219315
0.897129
0.199225
0.660386
0.218100
0.659992
0.275306
0.429994
0.985953
0.098248
0.770165
0.970088
0.116974
0.692504
0.628838
0.331220
0.637100
0.628919
0.235425
0.672649
0.277286
0.928071
0.709540
0.475194
0.411152
0.764715
0.302781
0.944842
0.491291
0.679662
0.323180
0.385046
0.524811
0.152919
0.517635
0.437963
0.746731
0.959863
0.441818
0.969402
0.500143
0.212697
0.509047
0.047927
0.743396
0.005781
0.564097
0.248332
0.439926
0.812817
0.839036
0.970591
0.547061
0.000000
0.000000
0.269746
0.012840
0.500773
0.246700
0.434995
0.012028
0.608512
0.273785
0.908675
0.857943
0.428508
0.218209
0.538659
0.684917
0.723052
0.371545
0.669237
0.194843
0.263577
0.615617
0.666451
0.542481
0.392035
0.914552
0.273261
0.084796
0.160988
0.033020
0.762395
0.658191
0.062167
0.117271
0.789488
0.423373
0.367694
0.771118
0.800498
0.403401
0.384311
0.238203
0.330135
0.511144
0.934347
0.350725
0.956506
0.363871
0.504770
0.234084
0.755836
0.792943
0.077796
0.928766
0.795778
0.581647
0.069615
0.646938
0.176630
0.175441
0.440876
0.206667
0.819915
0.775007
0.461763
0.918841
0.761700
0.546909
0.212815
0.557397
0.117336
0.952256
0.762017
0.428051
0.515304
0.273790
0.003607
0.819698
0.801325
0.722623
0.033266
0.645090
0.564815
0.004427
0.991879
0.933658
0.751605
0.712284
0.514586
0.034859
0.757321
0.235562
0.483527
0.258570
0.013188
0.653047
0.397703
0.421693
0.204539
0.793551
0.709411
0.075897
0.000000
0.000000
0.870766
0.417148
0.033345
0.388666
0.906804
0.519547
0.607442
0.709944
0.391261
0.292741
0.988986
0.894988
0.116598
0.892288
0.634006
0.947882
0.432304
0.432264
0.889054
0.884531
0.496140
0.314346
0.340040
0.494403
0.148674
0.037345
0.890044
0.087180
0.187232
0.667404
0.310348
0.859730
0.726768
0.055186
0.737521
0.694332
0.904357
0.920175
0.316622
0.466509
0.137581
0.094096
0.539152
0.137026
0.337750
0.351589
0.502063
0.674529
0.018171
0.739786
0.721581
0.247062
0.946875
0.116136
0.134668
0.149802
0.933181
0.158324
0.117949
0.365410
0.831877
0.955176
0.834361
0.083920
0.610571
0.202161
0.588462
0.925002
0.403616
0.938068
0.739810
0.066067
0.143712
0.866466
0.322432
0.762882
0.880593
0.505242
0.470765
0.684877
0.294903
0.654927
0.906394
0.802882
0.718142
0.693982
0.599926
0.644434
0.377995
0.615442
0.073736
0.209279
0.312977
0.878982
0.203070
0.256051
0.831790
0.440929
0.949266
0.590213
0.000000
0.000000
0.544846
0.671496
0.339897
0.983761
0.406563
0.956605
0.794270
0.948422
0.499905
0.110857
0.560560
0.640131
0.654090
0.798553
0.819457
0.176770
0.569940
0.105720
0.809203
0.318419
0.751392
0.930100
0.981751
0.056649
0.843570
0.680419
0.505800
0.295381
0.298865
0.927447
0.973195
0.979675
0.649691
0.154435
0.193112
0.938322
0.250805
0.221286
0.813731
0.441409
0.763344
0.150269
0.091905
0.176452
0.209474
0.530639
0.256365
0.977423
0.041178
0.785927
0.716474
0.739285
0.416218
0.517050
0.432205
0.179222
0.558676
0.292137
0.257813
0.600751
0.690693
0.477308
0.115267
0.640061
0.471551
0.999973
0.344404
0.229998
0.071139
0.029991
0.163384
0.222154
0.374133
0.890356
0.157755
0.572819
0.615837
0.399480
0.143828
0.864608
0.731205
0.713070
0.252534
0.949652
0.685554
0.210235
0.192838
0.651442
0.128777
0.107682
0.904612
0.264894
0.076953
0.303713
0.667048
0.630855
0.080142
0.367361
0.921145
0.815918
0.000000
0.000000
0.258938
0.394558
0.678564
0.005010
0.441980
0.094896
0.521873
0.393153
0.987602
0.657627
0.577357
0.762984
0.798813
0.908953
0.309023
0.166931
0.855348
0.277944
0.195377
0.415607
0.100304
0.010230
0.042340
0.573924
0.260535
0.516931
0.609626
0.177484
0.068565
0.949991
0.679658
0.729956
0.568520
0.494934
0.386490
0.074330
0.366047
0.764581
0.184438
0.519043
0.815310
0.478388
0.352871
0.791267
0.101429
0.840627
0.623584
0.353127
0.087876
0.990303
0.084144
0.802314
0.156817
0.959863
0.801766
0.120833
0.875612
0.867263
0.456070
0.043219
0.149859
0.990177
0.491871
0.930478
0.054523
0.309262
0.877779
0.036784
0.960982
0.510113
0.912840
0.573760
0.722517
0.903614
0.785641
0.585460
0.790982
0.748291
0.314241
0.502156
0.741687
0.534395
0.698047
0.676902
0.766241
0.634679
0.539003
0.611997
0.800304
0.614655
0.059019
0.342562
0.528636
0.335153
0.575199
0.233063
0.155231
0.760591
0.146795
0.452760
0.000000
0.000000
0.293995
0.009499
0.938075
0.095401
0.461363
0.699588
0.400206
0.889032
0.612092
0.976381
0.563788
0.177711
0.392175
0.248184
0.135324
0.827335
0.127698
0.103663
0.225430
0.547439
0.876437
0.332012
0.370581
0.786105
0.500097
0.090406
0.336926
0.062946
0.349885
0.704815
0.647416
0.143379
0.022702
0.188665
0.502041
0.206695
0.835975
0.672964
0.016772
0.482343
0.118470
0.167884
0.161533
0.353056
0.449885
0.842298
0.912601
0.762685
0.022688
0.926609
0.572377
0.895720
0.884637
0.767812
0.177607
0.459445
0.622611
0.470818
0.493300
0.687889
0.034159
0.091200
0.002487
0.822764
0.613407
0.430796
0.937364
0.026187
0.181701
0.427825
0.223136
0.689194
0.308096
0.450070
0.142948
0.811912
0.940604
0.013719
0.443373
0.554773
0.322251
0.871265
0.145859
0.944193
0.588515
0.654054
0.165885
0.650854
0.969005
0.846885
0.531820
0.530323
0.469482
0.753084
0.925929
0.898878
0.351046
0.852815
0.747293
0.226698
0.000000
0.000000
0.000000
0.000000
0.000000
0.000000
0.000000
0.000000
0.000000
0.000000
0.000000
0.000000
0.000000
0.000000
0.000000
0.000000
0.000000
0.000000
0.000000
0.000000
0.000000
0.000000
0.000000
0.000000
0.000000
0.000000
0.000000
0.000000
0.000000
0.000000
0.000000
0.000000
0.000000
0.000000
0.000000
0.000000
0.000000
0.000000
0.000000
0.000000
0.000000
0.000000
0.000000
0.000000
0.000000
0.000000
0.000000
0.000000
0.000000
0.000000
0.000000
0.000000
0.000000
0.000000
0.000000
0.000000
0.000000
0.000000
0.000000
0.000000
0.000000
0.000000
0.000000
0.000000
0.000000
0.000000
0.000000
0.000000
0.000000
0.000000
0.000000
0.000000
0.000000
0.000000
0.000000
0.000000
0.000000
0.000000
0.000000
0.000000
0.000000
0.000000
0.000000
0.000000
0.000000
0.000000
0.000000
0.000000
0.000000
0.000000
0.000000
0.000000
0.000000
0.000000
0.000000
0.000000
0.000000
0.000000
0.000000
0.000000
0.000000
0.000000
0.000000
