52
52
0.000000
0.000000
0.000000
0.000000
0.000000
0.000000
0.000000
0.000000
0.000000
0.000000
0.000000
0.000000
0.000000
0.000000
0.000000
0.000000
0.000000
0.000000
0.000000
0.000000
0.000000
0.000000
0.000000
0.000000
0.000000
0.000000
0.000000
0.000000
0.000000
0.000000
0.000000
0.000000
0.000000
0.000000
0.000000
0.000000
0.000000
0.000000
0.000000
0.000000
0.000000
0.000000
0.000000
0.000000
0.000000
0.000000
0.000000
0.000000
0.000000
0.000000
0.000000
0.000000
0.000000
0.814724
0.905792
0.126987
0.913376
0.632359
0.097540
0.278498
0.546882
0.957507
0.964889
0.157613
0.970593
0.957167
0.485376
0.800280
0.141886
0.421761
0.915736
0.792207
0.959492
0.655741
0.035712
0.849129
0.933993
0.678735
0.757740
0.743132
0.392227
0.655478
0.171187
0.706046
0.031833
0.276923
0.046171
0.097132
0.823458
0.694829
0.317099
0.950222
0.034446
0.438744
0.381558
0.765517
0.795200
0.186873
0.489764
0.445586
0.646313
0.709365
0.754687
0.000000
0.000000
0.276025
0.679703
0.655098
0.162612
0.118998
0.498364
0.959744
0.340386
0.585268
0.223812
0.751267
0.255095
0.505957
0.699077
0.890903
0.959291
0.547216
0.138624
0.149294
0.257508
0.840717
0.254282
0.814285
0.243525
0.929264
0.349984
0.196595
0.251084
0.616045
0.473289
0.351660
0.830829
0.585264
0.549724
0.917194
0.285839
0.757200
0.753729
0.380446
0.567822
0.075854
0.053950
0.530798
0.779167
0.934011
0.129906
0.568824
0.469391
0.011902
0.337123
0.000000
0.000000
0.162182
0.794285
0.311215
0.528533
0.165649
0.601982
0.262971
0.654079
0.689215
0.748152
0.450542
0.083821
0.228977
0.913337
0.152378
0.825817
0.538342
0.996135
0.078176
0.442678
0.106653
0.961898
0.004634
0.774910
0.817303
0.868695
0.084436
0.399783
0.259870
0.800068
0.431414
0.910648
0.181847
0.263803
0.145539
0.136069
0.869292
0.579705
0.549860
0.144955
0.853031
0.622055
0.350952
0.513250
0.401808
0.075967
0.239916
0.123319
0.183908
0.239953
0.000000
0.000000
0.417267
0.049654
0.902716
0.944787
0.490864
0.489253
0.337719
0.900054
0.369247
0.111203
0.780252
0.389739
0.241691
0.403912
0.096455
0.131973
0.942051
0.956135
0.575209
0.059780
0.234780
0.353159
0.821194
0.015403
0.043024
0.168990
0.649115
0.731722
0.647746
0.450924
0.547009
0.296321
0.744693
0.188955
0.686775
0.183511
0.368485
0.625619
0.780227
0.081126
0.929386
0.775713
0.486792
0.435859
0.446784
0.306349
0.508509
0.510772
0.817628
0.794831
0.000000
0.000000
0.644318
0.378609
0.811580
0.532826
0.350727
0.939002
0.875943
0.550156
0.622475
0.587045
0.207742
0.301246
0.470923
0.230488
0.844309
0.194764
0.225922
0.170708
0.227664
0.435699
0.311102
0.923380
0.430207
0.184816
0.904881
0.979748
0.438870
0.111119
0.258065
0.408720
0.594896
0.262212
0.602843
0.711216
0.221747
0.117418
0.296676
0.318778
0.424167
0.507858
0.085516
0.262482
0.801015
0.029220
0.928854
0.730331
0.488609
0.578525
0.237284
0.458849
0.000000
0.000000
0.963089
0.546806
0.521136
0.231594
0.488898
0.624060
0.679136
0.395515
0.367437
0.987982
0.037739
0.885168
0.913287
0.796184
0.098712
0.261871
0.335357
0.679728
0.136553
0.721227
0.106762
0.653757
0.494174
0.779052
0.715037
0.903721
0.890923
0.334163
0.698746
0.197810
0.030541
0.744074
0.500022
0.479922
0.904722
0.609867
0.617666
0.859442
0.805489
0.576722
0.182922
0.239932
0.886512
0.028674
0.489901
0.167927
0.978681
0.712694
0.500472
0.471088
0.000000
0.000000
0.059619
0.681972
0.042431
0.071445
0.521650
0.096730
0.818149
0.817547
0.722440
0.149865
0.659605
0.518595
0.972975
0.648991
0.800331
0.453798
0.432392
0.825314
0.083470
0.133171
0.173389
0.390938
0.831380
0.803364
0.060471
0.399258
0.526876
0.416799
0.656860
0.627973
0.291984
0.431651
0.015487
0.984064
0.167168
0.106216
0.372410
0.198118
0.489688
0.339493
0.951630
0.920332
0.052677
0.737858
0.269119
0.422836
0.547871
0.942737
0.417744
0.983052
0.000000
0.000000
0.301455
0.701099
0.666339
0.539126
0.698106
0.666528
0.178132
0.128014
0.999080
0.171121
0.032601
0.561200
0.881867
0.669175
0.190433
0.368917
0.460726
0.981638
0.156405
0.855523
0.644765
0.376272
0.190924
0.428253
0.482022
0.120612
0.589507
0.226188
0.384619
0.582986
0.251806
0.290441
0.617091
0.265281
0.824376
0.982663
0.730249
0.343877
0.584069
0.107769
0.906308
0.879654
0.817761
0.260728
0.594356
0.022513
0.425259
0.312719
0.161485
0.178766
0.000000
0.000000
0.422886
0.094229
0.598524
0.470924
0.695949
0.699888
0.638531
0.033604
0.068806
0.319600
0.530864
0.654446
0.407619
0.819981
0.718359
0.968649
0.531334
0.325146
0.105629
0.610959
0.778802
0.423453
0.090823
0.266471
0.153657
0.281005
0.440085
0.527143
0.457424
0.875372
0.518052
0.943623
0.637709
0.957694
0.240707
0.676122
0.289065
0.671808
0.695140
0.067993
0.254790
0.224040
0.667833
0.844392
0.344462
0.780520
0.675332
0.006715
0.602170
0.386771
0.000000
0.000000
0.915991
0.001151
0.462449
0.424349
0.460916
0.770160
0.322472
0.784739
0.471357
0.035763
0.175874
0.721758
0.473486
0.152721
0.341125
0.607389
0.191745
0.738427
0.242850
0.917424
0.269062
0.765500
0.188662
0.287498
0.091113
0.576209
0.683363
0.546593
0.425729
0.644443
0.647618
0.679017
0.635787
0.945174
0.208935
0.709282
0.236231
0.119396
0.607304
0.450138
0.458725
0.661945
0.770286
0.350218
0.662010
0.416159
0.841929
0.832917
0.256441
0.613461
0.000000
0.000000
0.582249
0.540739
0.869941
0.264779
0.318074
0.119215
0.939829
0.645552
0.479463
0.639317
0.544716
0.647311
0.543886
0.721047
0.522495
0.993705
0.218677
0.105798
0.109697
0.063591
0.404580
0.448373
0.365816
0.763505
0.627896
0.771980
0.932854
0.972741
0.192028
0.138874
0.696266
0.093820
0.525404
0.530344
0.861140
0.484853
0.393456
0.671431
0.741258
0.520052
0.347713
0.149997
0.586092
0.262145
0.044454
0.754933
0.242785
0.442402
0.687796
0.359228
0.000000
0.000000
0.736340
0.394707
0.683416
0.704047
0.442305
0.019578
0.330858
0.424309
0.270270
0.197054
0.821721
0.429921
0.887771
0.391183
0.769114
0.396792
0.808514
0.755077
0.377396
0.216019
0.790407
0.949304
0.327565
0.671264
0.438645
0.833501
0.768854
0.167254
0.861980
0.989872
0.514423
0.884281
0.588026
0.154752
0.199863
0.406955
0.748706
0.825584
0.789963
0.318524
0.534064
0.089951
0.111706
0.136293
0.678652
0.495177
0.189710
0.495006
0.147608
0.054974
0.000000
0.000000
0.850713
0.560560
0.929609
0.696667
0.582791
0.815397
0.879014
0.988912
0.000522
0.865439
0.612566
0.989950
0.527680
0.479523
0.801348
0.227843
0.498094
0.900852
0.574661
0.845178
0.738640
0.585987
0.246735
0.666416
0.083483
0.625960
0.660945
0.729752
0.890752
0.982303
0.769029
0.581446
0.928313
0.580090
0.016983
0.120860
0.862711
0.484297
0.844856
0.209405
0.552291
0.629883
0.031991
0.614713
0.362411
0.049533
0.489570
0.192510
0.123084
0.205494
0.000000
0.000000
0.146515
0.189072
0.042652
0.635198
0.281867
0.538597
0.695163
0.499116
0.535801
0.445183
0.123932
0.490357
0.852998
0.873927
0.270294
0.208461
0.564980
0.640312
0.417029
0.205976
0.947933
0.082071
0.105709
0.142041
0.166460
0.620959
0.573710
0.052078
0.931201
0.728662
0.737842
0.063405
0.860441
0.934405
0.984398
0.858939
0.785559
0.513377
0.177602
0.398589
0.133931
0.030890
0.939142
0.301306
0.295534
0.332936
0.467068
0.648198
0.025228
0.842207
0.000000
0.000000
0.559033
0.854100
0.347879
0.446027
0.054239
0.177108
0.662808
0.330829
0.898486
0.118155
0.988418
0.539982
0.706917
0.999492
0.287849
0.414523
0.464840
0.763957
0.818204
0.100222
0.178117
0.359635
0.056705
0.521886
0.335849
0.175669
0.208947
0.905154
0.675391
0.468468
0.912132
0.104012
0.745546
0.736267
0.561861
0.184194
0.597211
0.299937
0.134123
0.212602
0.894942
0.071453
0.242487
0.053754
0.441722
0.013283
0.897191
0.196658
0.093371
0.307367
0.000000
0.000000
0.456058
0.101669
0.995390
0.332093
0.297347
0.062045
0.298244
0.046351
0.505428
0.761426
0.631070
0.089892
0.080862
0.777241
0.905135
0.533772
0.109154
0.825809
0.338098
0.293973
0.746313
0.010337
0.048447
0.667916
0.603468
0.526102
0.729709
0.707253
0.781377
0.287977
0.692532
0.556670
0.396521
0.061591
0.780176
0.337584
0.607866
0.741254
0.104813
0.127888
0.549540
0.485229
0.890476
0.798960
0.734341
0.051332
0.072885
0.088527
0.798351
0.943008
0.000000
0.000000
0.683716
0.132083
0.722725
0.110353
0.117493
0.640718
0.328814
0.653812
0.749131
0.583186
0.740032
0.234827
0.734958
0.970599
0.866930
0.086235
0.366437
0.369199
0.685028
0.597942
0.789364
0.367653
0.206028
0.086667
0.771934
0.205675
0.388272
0.551779
0.228953
0.641941
0.484480
0.151846
0.781932
0.100606
0.294066
0.237373
0.530872
0.091499
0.405315
0.104846
0.112284
0.784428
0.291570
0.603533
0.964423
0.432485
0.694752
0.758099
0.432642
0.655498
0.000000
0.000000
0.109755
0.933760
0.187461
0.266179
0.797830
0.487604
0.768958
0.396007
0.272939
0.037235
0.673295
0.429564
0.451739
0.609857
0.059403
0.315811
0.772722
0.696433
0.125332
0.130151
0.092352
0.007820
0.423109
0.655573
0.722923
0.531209
0.108818
0.631766
0.126500
0.134303
0.098594
0.142027
0.168251
0.196249
0.317480
0.316429
0.217563
0.251042
0.892922
0.703223
0.555738
0.184434
0.212031
0.077347
0.913800
0.706715
0.557789
0.313429
0.166204
0.622497
0.000000
0.000000
0.987935
0.170432
0.257792
0.396799
0.073995
0.684096
0.402388
0.982835
0.402184
0.620672
0.154370
0.381345
0.161134
0.758112
0.871111
0.350777
0.685536
0.294149
0.530629
0.832423
0.597490
0.335311
0.299225
0.452593
0.422646
0.359606
0.558319
0.742545
0.424335
0.429356
0.124873
0.024434
0.290185
0.317521
0.653690
0.956936
0.935731
0.457886
0.240478
0.763898
0.759327
0.740648
0.743688
0.105920
0.681560
0.463261
0.212163
0.098519
0.823574
0.175010
0.000000
0.000000
0.163570
0.665987
0.894389
0.516558
0.702702
0.153590
0.953457
0.540884
0.679734
0.036563
0.809204
0.748619
0.120187
0.525045
0.325834
0.546449
0.398881
0.415093
0.180738
0.255387
0.020536
0.923676
0.653700
0.932614
0.163512
0.921097
0.794658
0.577394
0.440036
0.257614
0.751946
0.228669
0.064187
0.767330
0.671202
0.715213
0.642061
0.419048
0.390762
0.816140
0.317428
0.814540
0.789074
0.852264
0.505637
0.635661
0.950894
0.443964
0.060019
0.866750
0.000000
0.000000
0.631189
0.355074
0.997003
0.224171
0.652451
0.604991
0.387245
0.142187
0.025135
0.421112
0.184100
0.725775
0.370363
0.841560
0.734230
0.571026
0.176855
0.957384
0.265322
0.924581
0.223770
0.373564
0.087500
0.640117
0.180617
0.045051
0.723173
0.347438
0.660617
0.383869
0.627347
0.021650
0.910570
0.800559
0.745847
0.813113
0.383306
0.617279
0.575495
0.530052
0.275070
0.248629
0.451639
0.227713
0.804450
0.986104
0.029992
0.535664
0.087077
0.802091
0.000000
0.000000
0.989145
0.066946
0.939398
0.018178
0.683839
0.783736
0.534138
0.885359
0.899005
0.625938
0.137869
0.217802
0.182141
0.041820
0.106942
0.616443
0.939661
0.354456
0.410629
0.984349
0.945579
0.676645
0.988302
0.766831
0.336699
0.662382
0.244165
0.295507
0.680178
0.527847
0.411594
0.602638
0.750520
0.583533
0.551793
0.583571
0.511820
0.082593
0.719570
0.996156
0.354534
0.971259
0.346449
0.886544
0.454695
0.413427
0.217732
0.125655
0.308915
0.726104
0.000000
0.000000
0.782872
0.693788
0.009802
0.843213
0.922332
0.770954
0.042660
0.378186
0.704340
0.729513
0.224277
0.269055
0.673031
0.477492
0.623716
0.236445
0.177124
0.829643
0.766922
0.934478
0.107889
0.182228
0.099095
0.489764
0.193245
0.895892
0.099090
0.044166
0.557295
0.772495
0.311940
0.178982
0.338956
0.210146
0.510153
0.906364
0.628924
0.101534
0.390855
0.054617
0.501283
0.431721
0.997560
0.811603
0.485652
0.894448
0.137547
0.390005
0.927356
0.917494
0.000000
0.000000
0.713574
0.618337
0.343288
0.936027
0.124774
0.730585
0.646477
0.833152
0.398282
0.749822
0.835221
0.322460
0.552262
0.979129
0.549309
0.330424
0.619472
0.360637
0.756510
0.413901
0.492345
0.694743
0.972734
0.327755
0.837803
0.739072
0.954174
0.031923
0.356869
0.662654
0.281502
0.230383
0.711129
0.624573
0.590609
0.660438
0.047555
0.348785
0.451341
0.240905
0.715045
0.856182
0.281508
0.731051
0.137763
0.836723
0.138602
0.588209
0.366157
0.806760
0.000000
0.000000
0.503781
0.489594
0.877049
0.353142
0.449444
0.963530
0.042298
0.972958
0.189207
0.667120
0.586440
0.675112
0.361022
0.620278
0.811151
0.019257
0.083874
0.974802
0.651350
0.231238
0.403491
0.122021
0.268439
0.257846
0.331665
0.152234
0.348008
0.121658
0.884153
0.094278
0.930041
0.399020
0.047401
0.342374
0.735966
0.794682
0.544906
0.686223
0.893633
0.054792
0.303661
0.046192
0.195477
0.720166
0.721753
0.877799
0.582433
0.070684
0.922745
0.800372
0.000000
0.000000
0.285947
0.543663
0.984776
0.715678
0.838970
0.433261
0.470625
0.560713
0.269092
0.749018
0.503888
0.646810
0.307746
0.138725
0.475573
0.362459
0.788113
0.780296
0.668512
0.133504
0.021556
0.559841
0.300819
0.939410
0.980904
0.286620
0.800820
0.896111
0.597527
0.884017
0.943732
0.549158
0.728387
0.576758
0.025857
0.446531
0.646302
0.521203
0.372313
0.937135
0.829533
0.849085
0.372534
0.593185
0.872553
0.933502
0.668464
0.206776
0.653851
0.072052
0.000000
0.000000
0.406727
0.666932
0.933726
0.810950
0.484548
0.756749
0.417047
0.971786
0.987975
0.864148
0.388884
0.454742
0.246687
0.784423
0.882838
0.913712
0.558285
0.598868
0.148877
0.899713
0.450394
0.205672
0.899651
0.762586
0.882486
0.284950
0.673226
0.664280
0.122815
0.407318
0.275287
0.716670
0.283384
0.896199
0.826579
0.390027
0.497903
0.694805
0.834369
0.609630
0.574737
0.326042
0.456425
0.713796
0.884405
0.720856
0.018613
0.674776
0.438509
0.437820
0.000000
0.000000
0.117037
0.814682
0.324855
0.246228
0.342713
0.375692
0.546554
0.561920
0.395822
0.398131
0.515367
0.657531
0.950915
0.722349
0.400080
0.831871
0.134338
0.060467
0.084247
0.163898
0.324220
0.301727
0.011681
0.539905
0.095373
0.146515
0.631141
0.859320
0.974222
0.570838
0.996850
0.553542
0.515458
0.330682
0.430002
0.491806
0.071037
0.887739
0.064634
0.436185
0.826630
0.394535
0.613475
0.818641
0.886235
0.931112
0.190785
0.258582
0.897866
0.593362
0.000000
0.000000
0.503840
0.612810
0.819422
0.531889
0.202075
0.453893
0.427911
0.966053
0.620055
0.695390
0.720165
0.346895
0.516990
0.556695
0.156495
0.562056
0.694803
0.426456
0.836270
0.731387
0.360031
0.454212
0.386390
0.775555
0.734271
0.430278
0.693753
0.945213
0.784233
0.705572
0.109334
0.389931
0.590905
0.459380
0.050340
0.228688
0.834189
0.015645
0.863711
0.078069
0.669043
0.500211
0.217994
0.571616
0.122189
0.671166
0.599586
0.055976
0.056343
0.152501
0.000000
0.000000
0.019621
0.435176
0.832221
0.617390
0.520129
0.863868
0.097698
0.908052
0.108017
0.516997
0.143156
0.559371
0.004580
0.766682
0.848709
0.916821
0.986968
0.505133
0.271422
0.100751
0.507849
0.585609
0.762887
0.082963
0.661596
0.516979
0.171048
0.938558
0.590483
0.440635
0.941919
0.655914
0.451946
0.839697
0.532624
0.553887
0.680066
0.367190
0.239291
0.578923
0.866887
0.406777
0.112615
0.443846
0.300184
0.401387
0.833364
0.403629
0.390176
0.360449
0.000000
0.000000
0.140255
0.260130
0.086815
0.429397
0.257283
0.297555
0.424858
0.119207
0.495067
0.706407
0.243573
0.785070
0.074090
0.393883
0.003394
0.220677
0.001301
0.189180
0.142484
0.268076
0.174892
0.138649
0.598886
0.901058
0.939380
0.221184
0.482671
0.376011
0.523780
0.264873
0.068357
0.436327
0.173853
0.026107
0.954678
0.430597
0.961559
0.762414
0.007349
0.680039
0.705951
0.645129
0.552310
0.218109
0.772366
0.228028
0.370865
0.890929
0.856377
0.402434
0.000000
0.000000
0.318019
0.608635
0.910195
0.909098
0.591594
0.332571
0.853064
0.442398
0.904355
0.033179
0.532426
0.716497
0.179302
0.336533
0.187713
0.321927
0.403857
0.548566
0.048739
0.552732
0.274811
0.241502
0.243145
0.154159
0.956416
0.935661
0.818714
0.728262
0.175812
0.360371
0.188790
0.001198
0.316420
0.699617
0.625255
0.543062
0.439037
0.287427
0.501659
0.761546
0.762408
0.576056
0.747663
0.645535
0.123220
0.504398
0.347261
0.092148
0.147849
0.198170
0.000000
0.000000
0.672270
0.431511
0.694404
0.256785
0.009759
0.532283
0.279392
0.946230
0.906443
0.392685
0.024855
0.671437
0.837171
0.971500
0.056933
0.450324
0.582470
0.686638
0.719433
0.650041
0.726915
0.373848
0.581582
0.116119
0.057654
0.979765
0.284824
0.594974
0.962161
0.185778
0.193040
0.341644
0.932898
0.390668
0.273217
0.151947
0.397109
0.374722
0.131115
0.435041
0.091513
0.614627
0.010979
0.573260
0.789730
0.235367
0.448020
0.569358
0.061401
0.496289
0.000000
0.000000
0.642315
0.221266
0.837056
0.971075
0.846373
0.505999
0.278876
0.746617
0.236930
0.957345
0.620260
0.600262
0.172605
0.090347
0.255262
0.858571
0.911067
0.699634
0.725182
0.229886
0.576053
0.810628
0.403843
0.988439
0.089999
0.320941
0.511409
0.060606
0.725688
0.556556
0.529360
0.829982
0.858759
0.789029
0.317833
0.452207
0.752228
0.109862
0.109742
0.269884
0.524637
0.972651
0.710409
0.311860
0.291457
0.850357
0.911647
0.639276
0.255370
0.088666
0.000000
0.000000
0.838256
0.584719
0.948109
0.061029
0.584641
0.285108
0.827732
0.190986
0.442530
0.393412
0.826574
0.676871
0.207603
0.318105
0.133811
0.671463
0.570991
0.169767
0.147656
0.476080
0.908102
0.552175
0.032940
0.053863
0.805063
0.451375
0.382646
0.789644
0.364287
0.532350
0.711657
0.871477
0.328690
0.650118
0.974836
0.075967
0.587019
0.413886
0.309136
0.263834
0.758766
0.995216
0.186571
0.781145
0.195798
0.992359
0.802262
0.424227
0.728864
0.498354
0.000000
0.000000
0.808990
0.356509
0.073243
0.590991
0.910188
0.193766
0.432368
0.749160
0.039184
0.946325
0.763673
0.558821
0.183843
0.497949
0.517846
0.994243
0.854852
0.962404
0.678941
0.403501
0.934979
0.479485
0.231792
0.396290
0.705077
0.558559
0.756631
0.995481
0.962431
0.535067
0.963870
0.115626
0.051448
0.304349
0.580192
0.530964
0.901208
0.540550
0.431981
0.542667
0.712415
0.016675
0.800921
0.142509
0.478474
0.256835
0.369092
0.661765
0.169609
0.278784
0.000000
0.000000
0.198222
0.195072
0.326840
0.880338
0.471102
0.403969
0.179231
0.968925
0.407456
0.844487
0.615325
0.376611
0.877182
0.784852
0.464954
0.813977
0.898444
0.429239
0.334329
0.596647
0.901991
0.702066
0.377455
0.734956
0.954103
0.542813
0.540106
0.311110
0.071235
0.181980
0.092989
0.463489
0.009333
0.915026
0.642742
0.001419
0.030385
0.208470
0.454966
0.127266
0.008648
0.727080
0.354116
0.780446
0.436657
0.436555
0.049213
0.049632
0.091100
0.594037
0.000000
0.000000
0.241084
0.841369
0.857213
0.963612
0.488900
0.220310
0.226209
0.536788
0.762110
0.347567
0.461232
0.639324
0.917336
0.161573
0.715635
0.577739
0.433299
0.884243
0.393052
0.178975
0.633334
0.624001
0.327942
0.802965
0.999478
0.980978
0.127037
0.232240
0.023632
0.607433
0.110809
0.407460
0.884077
0.548133
0.369003
0.208346
0.440943
0.956196
0.124026
0.470763
0.856896
0.043390
0.691625
0.978985
0.283268
0.133780
0.685280
0.909455
0.610869
0.899983
0.000000
0.000000
0.193434
0.754425
0.346261
0.418625
0.155720
0.819001
0.624924
0.738560
0.805112
0.067223
0.950790
0.497577
0.755146
0.742405
0.831130
0.156502
0.457309
0.618100
0.932183
0.835088
0.895424
0.582519
0.582747
0.854926
0.034866
0.885420
0.407731
0.036382
0.746148
0.154829
0.143908
0.605959
0.254481
0.324154
0.401791
0.406373
0.386191
0.609802
0.166891
0.188092
0.094629
0.323186
0.769597
0.234118
0.740365
0.692818
0.824078
0.827978
0.293368
0.309369
0.000000
0.000000
0.523030
0.325299
0.831843
0.810295
0.556998
0.262964
0.680566
0.233653
0.456425
0.384567
0.538601
0.991704
0.755220
0.980455
0.234783
0.528559
0.051436
0.756875
0.601980
0.857169
0.988277
0.929484
0.409515
0.000341
0.540878
0.207731
0.219284
0.325806
0.095949
0.747534
0.748509
0.543299
0.338132
0.832334
0.552572
0.957543
0.892833
0.356504
0.546402
0.346682
0.622803
0.796625
0.745875
0.125536
0.822394
0.025151
0.414429
0.731407
0.781374
0.367286
0.000000
0.000000
0.744868
0.892267
0.242603
0.129597
0.225068
0.350014
0.287085
0.927488
0.051314
0.592667
0.162899
0.838406
0.167561
0.502201
0.999329
0.355407
0.047078
0.213661
0.397839
0.333668
0.229603
0.936120
0.683189
0.962114
0.437973
0.940337
0.005834
0.610307
0.801076
0.232982
0.932469
0.763263
0.826450
0.573464
0.792582
0.329041
0.223462
0.312386
0.584523
0.829914
0.290462
0.402554
0.862057
0.614740
0.991188
0.203699
0.827209
0.675862
0.248949
0.475786
0.000000
0.000000
0.399075
0.599438
0.800523
0.105069
0.821442
0.841086
0.354506
0.430069
0.572239
0.700825
0.742470
0.757884
0.389129
0.429302
0.956345
0.572971
0.849722
0.276345
0.622324
0.588362
0.963468
0.085903
0.500499
0.521590
0.090166
0.904666
0.884389
0.438990
0.781723
0.148465
0.619816
0.260624
0.445656
0.844000
0.196205
0.303852
0.483295
0.337812
0.798486
0.987488
0.159048
0.236880
0.702237
0.375472
0.973705
0.972306
0.643698
0.860099
0.401883
0.631931
0.000000
0.000000
0.985237
0.559477
0.933592
0.720343
0.484039
0.639031
0.887637
0.198737
0.395366
0.992175
0.402352
0.658856
0.901348
0.995382
0.653163
0.108436
0.036114
0.618091
0.567144
0.961965
0.746105
0.662516
0.523313
0.259894
0.961994
0.540204
0.030270
0.696314
0.519716
0.059031
0.890036
0.330202
0.229701
0.113949
0.310923
0.228432
0.651997
0.066160
0.275431
0.281820
0.880066
0.444330
0.755914
0.603296
0.783266
0.113931
0.978564
0.848597
0.050646
0.466202
0.000000
0.000000
0.325653
0.630205
0.230299
0.579885
0.603156
0.599879
0.448428
0.035423
0.513815
0.407730
0.108046
0.459876
0.450883
0.551140
0.805404
0.700850
0.872236
0.052192
0.219681
0.459642
0.958534
0.790045
0.451875
0.333428
0.059095
0.740905
0.506795
0.199925
0.427194
0.168690
0.751695
0.368351
0.941818
0.017173
0.829056
0.626591
0.538747
0.650508
0.726630
0.094489
0.877574
0.014362
0.294303
0.179915
0.926294
0.068180
0.581093
0.637151
0.651269
0.864622
0.000000
0.000000
0.055953
0.816855
0.528922
0.694351
0.212405
0.543280
0.702520
0.956435
0.444542
0.085398
0.057340
0.629450
0.796179
0.691191
0.345308
0.946817
0.520190
0.953813
0.073596
0.207032
0.775028
0.914188
0.782551
0.295534
0.151846
0.847911
0.784855
0.270832
0.227811
0.321023
0.829562
0.822182
0.570683
0.571830
0.286018
0.699134
0.796258
0.441589
0.446216
0.465662
0.279039
0.675375
0.903665
0.908526
0.747197
0.260512
0.689638
0.131831
0.123501
0.190903
0.000000
0.000000
0.145732
0.585044
0.073362
0.822326
0.722903
0.925858
0.492639
0.654883
0.890123
0.538526
0.282205
0.975958
0.036426
0.326245
0.973014
0.365033
0.309150
0.120912
0.915766
0.135478
0.332118
0.897480
0.499649
0.615288
0.583133
0.698254
0.029332
0.527883
0.032073
0.827142
0.339986
0.846711
0.246070
0.581491
0.937677
0.047787
0.053978
0.020618
0.681479
0.598629
0.114030
0.796245
0.617851
0.070214
0.069279
0.136007
0.788891
0.092398
0.237869
0.243648
0.000000
0.000000
0.104822
0.858353
0.698200
0.733742
0.650531
0.516271
0.326388
0.661776
0.117565
0.147817
0.019765
0.964292
0.970373
0.123861
0.467410
0.656694
0.290186
0.754537
0.558118
0.427793
0.267194
0.753736
0.898376
0.728444
0.406830
0.938316
0.255427
0.533163
0.954755
0.267748
0.250085
0.927673
0.068582
0.299400
0.591584
0.203299
0.635883
0.798370
0.501701
0.650812
0.795955
0.233374
0.600839
0.112462
0.515766
0.837841
0.920790
0.498228
0.277611
0.652520
0.000000
0.000000
0.917299
0.509839
0.974191
0.197279
0.111185
0.297354
0.396419
0.420756
0.311475
0.693843
0.091872
0.402089
0.295181
0.306497
0.105561
0.593828
0.282728
0.155222
0.000659
0.283595
0.550811
0.870902
0.042253
0.904722
0.130974
0.833729
0.800468
0.917880
0.137304
0.504732
0.404958
0.173572
0.575184
0.606218
0.214446
0.519932
0.989186
0.489915
0.694873
0.411422
0.034777
0.292832
0.801442
0.346502
0.083316
0.511106
0.366833
0.739480
0.524740
0.804521
0.000000
0.000000
0.816911
0.189471
0.123693
0.820996
0.637898
0.016120
0.895955
0.515375
0.544522
0.606442
0.760436
0.855347
0.382868
0.084649
0.733873
0.331989
0.839750
0.371723
0.828215
0.176519
0.129520
0.879884
0.044079
0.686720
0.733773
0.437172
0.379839
0.979657
0.398993
0.440187
0.156808
0.326034
0.314062
0.894501
0.247024
0.310679
0.408869
0.708011
0.143638
0.871322
0.083156
0.461738
0.030389
0.753201
0.700043
0.214512
0.679905
0.557293
0.850679
0.558565
0.000000
0.000000
0.901774
0.419518
0.358128
0.488988
0.255962
0.929169
0.466757
0.254008
0.431218
0.702530
0.402330
0.181840
0.856251
0.584201
0.373579
0.221695
0.218994
0.522232
0.433423
0.741304
0.070450
0.847333
0.679880
0.136652
0.858402
0.199834
0.607340
0.543045
0.162325
0.005653
0.771485
0.764788
0.421069
0.056813
0.585747
0.174155
0.728611
0.534291
0.253064
0.917057
0.758195
0.887031
0.068798
0.183528
0.737073
0.696715
0.776993
0.501903
0.425497
0.611237
0.000000
0.000000
0.000000
0.000000
0.000000
0.000000
0.000000
0.000000
0.000000
0.000000
0.000000
0.000000
0.000000
0.000000
0.000000
0.000000
0.000000
0.000000
0.000000
0.000000
0.000000
0.000000
0.000000
0.000000
0.000000
0.000000
0.000000
0.000000
0.000000
0.000000
0.000000
0.000000
0.000000
0.000000
0.000000
0.000000
0.000000
0.000000
0.000000
0.000000
0.000000
0.000000
0.000000
0.000000
0.000000
0.000000
0.000000
0.000000
0.000000
0.000000
0.000000
0.000000
0.000000
