102
102
0.000000
0.000000
0.000000
0.000000
0.000000
0.000000
0.000000
0.000000
0.000000
0.000000
0.000000
0.000000
0.000000
0.000000
0.000000
0.000000
0.000000
0.000000
0.000000
0.000000
0.000000
0.000000
0.000000
0.000000
0.000000
0.000000
0.000000
0.000000
0.000000
0.000000
0.000000
0.000000
0.000000
0.000000
0.000000
0.000000
0.000000
0.000000
0.000000
0.000000
0.000000
0.000000
0.000000
0.000000
0.000000
0.000000
0.000000
0.000000
0.000000
0.000000
0.000000
0.000000
0.000000
0.000000
0.000000
0.000000
0.000000
0.000000
0.000000
0.000000
0.000000
0.000000
0.000000
0.000000
0.000000
0.000000
0.000000
0.000000
0.000000
0.000000
0.000000
0.000000
0.000000
0.000000
0.000000
0.000000
0.000000
0.000000
0.000000
0.000000
0.000000
0.000000
0.000000
0.000000
0.000000
0.000000
0.000000
0.000000
0.000000
0.000000
0.000000
0.000000
0.000000
0.000000
0.000000
0.000000
0.000000
0.000000
0.000000
0.000000
0.000000
0.000000
0.000000
0.729369
0.482280
0.338065
0.236767
0.450863
0.185451
0.324255
0.263971
0.830077
0.696360
0.333537
0.580232
0.287838
0.263971
0.259901
0.677080
0.519827
0.076754
0.055845
0.258728
0.439927
0.284289
0.678768
0.949580
0.773955
0.636139
0.753581
0.746817
0.586031
0.773056
0.392488
0.605290
0.247433
0.290202
0.019333
0.347310
0.141796
0.411535
0.153068
0.829009
0.739200
0.098870
0.820633
0.227112
0.106941
0.662776
0.954576
0.814564
0.623253
0.328269
0.277368
0.434377
0.350296
0.877759
0.006154
0.696449
0.338063
0.304984
0.648101
0.921146
0.893074
0.997179
0.072884
0.129619
0.981568
0.090242
0.686159
0.928965
0.141816
0.884416
0.019762
0.342686
0.238306
0.984564
0.846598
0.794512
0.900278
0.780105
0.836511
0.321093
0.742746
0.664494
0.289184
0.337372
0.908637
0.032251
0.696358
0.208770
0.824149
0.218232
0.099642
0.619506
0.103815
0.799062
0.902925
0.312513
0.281589
0.006782
0.495872
0.988482
0.000000
0.000000
0.737941
0.310720
0.600408
0.781680
0.111533
0.579329
0.870371
0.689776
0.242970
0.342722
0.545440
0.067573
0.410448
0.237511
0.488974
0.806067
0.377848
0.517978
0.094598
0.909095
0.207631
0.382065
0.660280
0.758373
0.173069
0.517380
0.995338
0.707609
0.080567
0.043308
0.491156
0.446596
0.486799
0.165891
0.360657
0.880722
0.744352
0.416771
0.907355
0.094307
0.181326
0.946587
0.100849
0.388038
0.289225
0.073087
0.194608
0.417485
0.292927
0.702139
0.239713
0.959483
0.305462
0.154915
0.555508
0.790544
0.443872
0.995819
0.436587
0.304441
0.246510
0.960825
0.222881
0.395609
0.224525
0.270025
0.418441
0.997736
0.911030
0.550427
0.596336
0.079145
0.576636
0.898172
0.463311
0.398396
0.104461
0.652236
0.991700
0.678073
0.428478
0.654801
0.588746
0.745055
0.640870
0.503676
0.938041
0.605344
0.638924
0.702657
0.860949
0.379662
0.712123
0.523520
0.363489
0.434676
0.687598
0.226851
0.979004
0.975671
0.000000
0.000000
0.289514
0.338433
0.996445
0.788971
0.794922
0.632369
0.811451
0.448093
0.830614
0.126663
0.513268
0.715931
0.248146
0.531900
0.382210
0.801761
0.670861
0.982859
0.936821
0.576272
0.080186
0.413825
0.180845
0.995631
0.520386
0.885283
0.648252
0.466254
0.095281
0.967821
0.620111
0.156003
0.398367
0.882505
0.539014
0.543676
0.442453
0.183745
0.249231
0.285112
0.529510
0.559837
0.415146
0.905680
0.305143
0.649770
0.288782
0.255251
0.358183
0.805918
0.538927
0.590064
0.231142
0.101946
0.644644
0.980139
0.101722
0.187866
0.009385
0.838303
0.481342
0.468530
0.908550
0.417147
0.544138
0.699009
0.079050
0.509416
0.486898
0.855880
0.614405
0.117415
0.606873
0.164180
0.399026
0.532357
0.875211
0.659039
0.787626
0.126025
0.524974
0.899480
0.109084
0.634571
0.080846
0.411232
0.712634
0.100422
0.809947
0.637809
0.898069
0.621821
0.414607
0.647558
0.489269
0.093755
0.637323
0.950262
0.476376
0.602805
0.000000
0.000000
0.591483
0.225262
0.668433
0.156552
0.774251
0.213053
0.169124
0.725753
0.256189
0.162767
0.625777
0.250747
0.262978
0.843928
0.397421
0.104579
0.193854
0.363070
0.874534
0.599770
0.258113
0.358428
0.887540
0.900531
0.447952
0.268851
0.553815
0.178848
0.859702
0.231976
0.168105
0.026723
0.322431
0.555165
0.824529
0.804248
0.024408
0.371506
0.491870
0.466052
0.041714
0.617002
0.578033
0.298809
0.435666
0.136633
0.299721
0.761375
0.035303
0.269500
0.996269
0.446946
0.152785
0.886228
0.031380
0.116035
0.250855
0.759675
0.898310
0.223420
0.673299
0.818786
0.948930
0.874315
0.393736
0.936962
0.436896
0.162523
0.309821
0.681109
0.934055
0.947389
0.599083
0.948874
0.404018
0.041032
0.293826
0.031939
0.864513
0.432546
0.092809
0.137792
0.241971
0.223009
0.867740
0.764177
0.344714
0.384780
0.594865
0.535121
0.333556
0.854683
0.265644
0.933940
0.389834
0.683065
0.275010
0.027958
0.940613
0.533970
0.000000
0.000000
0.671173
0.607535
0.750873
0.981322
0.727670
0.857321
0.991843
0.759460
0.146041
0.326305
0.028786
0.694551
0.958757
0.729047
0.736754
0.174611
0.355410
0.574649
0.459945
0.833725
0.815444
0.323952
0.461684
0.673959
0.595226
0.134387
0.019492
0.125108
0.223276
0.449137
0.534532
0.990390
0.717347
0.980057
0.053738
0.636874
0.960382
0.269923
0.949407
0.902234
0.194648
0.733952
0.174861
0.105141
0.314113
0.348766
0.398962
0.283917
0.313912
0.718280
0.944647
0.087789
0.279534
0.596159
0.828435
0.782153
0.557239
0.036276
0.669372
0.848988
0.065465
0.360766
0.258051
0.432597
0.306071
0.966589
0.129933
0.217436
0.893394
0.621706
0.398162
0.356089
0.646573
0.733091
0.731701
0.958176
0.045954
0.424361
0.009017
0.703805
0.780892
0.564840
0.023295
0.007564
0.988969
0.201647
0.823338
0.360950
0.461253
0.110045
0.781262
0.453444
0.297102
0.358400
0.482436
0.431225
0.698823
0.675066
0.006871
0.078990
0.000000
0.000000
0.460627
0.777536
0.816764
0.631388
0.364876
0.887498
0.250927
0.066119
0.727151
0.766798
0.898326
0.766825
0.946883
0.535733
0.959781
0.978188
0.522100
0.845360
0.898027
0.931229
0.457640
0.759162
0.938796
0.810701
0.930392
0.446957
0.833886
0.987781
0.369639
0.170767
0.823165
0.587057
0.961612
0.489129
0.253523
0.678224
0.914492
0.617075
0.322499
0.490512
0.407455
0.083940
0.591960
0.879015
0.553308
0.299471
0.897008
0.794306
0.775812
0.598968
0.557221
0.299708
0.547657
0.991830
0.483413
0.684774
0.480017
0.746521
0.211422
0.248487
0.097839
0.708670
0.855746
0.789034
0.742843
0.104522
0.520875
0.846632
0.843613
0.377747
0.272095
0.125304
0.691353
0.555131
0.008474
0.416032
0.439118
0.784361
0.829997
0.589606
0.142074
0.593313
0.726193
0.428380
0.210792
0.265384
0.993184
0.480756
0.827750
0.603238
0.817842
0.955547
0.650378
0.627647
0.646563
0.062133
0.938197
0.898716
0.694859
0.310406
0.000000
0.000000
0.343546
0.076229
0.519837
0.608777
0.727160
0.000074
0.169766
0.463291
0.361852
0.952066
0.932193
0.958069
0.206538
0.159701
0.571761
0.592919
0.698611
0.305813
0.393851
0.336886
0.128993
0.086936
0.548943
0.317733
0.992748
0.723565
0.572101
0.717227
0.976559
0.426991
0.913014
0.897311
0.835229
0.047958
0.359281
0.295754
0.629126
0.136184
0.374046
0.864782
0.250274
0.029506
0.999449
0.605143
0.244195
0.438195
0.735094
0.557989
0.438339
0.603542
0.180999
0.808786
0.819058
0.487236
0.755050
0.404373
0.725676
0.154009
0.509073
0.668036
0.152576
0.062696
0.337115
0.445944
0.757648
0.130534
0.901512
0.220338
0.378551
0.422756
0.972686
0.177016
0.882277
0.551257
0.321492
0.899846
0.542112
0.462889
0.807975
0.360818
0.971003
0.555517
0.769820
0.680121
0.205200
0.834623
0.865467
0.041521
0.614193
0.273280
0.746707
0.487872
0.792375
0.524463
0.597512
0.220030
0.364019
0.297242
0.851617
0.973690
0.000000
0.000000
0.623622
0.892279
0.980903
0.646979
0.798819
0.404874
0.482364
0.063892
0.802929
0.351071
0.849272
0.991807
0.484324
0.356365
0.054371
0.914077
0.704969
0.438084
0.968109
0.723821
0.656803
0.514772
0.877056
0.060174
0.471478
0.311017
0.194693
0.151050
0.901420
0.070658
0.958388
0.699890
0.012010
0.004880
0.853291
0.467288
0.836719
0.220625
0.805961
0.248579
0.998273
0.937898
0.553956
0.912697
0.635490
0.780096
0.567218
0.191762
0.906248
0.514856
0.998976
0.377329
0.206112
0.729947
0.313436
0.117581
0.888606
0.693123
0.939900
0.417167
0.815771
0.804843
0.360404
0.913814
0.288316
0.165002
0.455863
0.242817
0.001922
0.615343
0.661228
0.660336
0.680475
0.850650
0.037314
0.680775
0.571138
0.690215
0.895566
0.266862
0.068555
0.313601
0.789180
0.498340
0.437033
0.168406
0.264563
0.683882
0.816637
0.705521
0.576539
0.994062
0.461193
0.493353
0.273960
0.655103
0.407057
0.299963
0.605436
0.791173
0.000000
0.000000
0.970894
0.773384
0.599982
0.449069
0.153473
0.211233
0.700349
0.956182
0.635469
0.891271
0.216285
0.683544
0.315059
0.025387
0.820249
0.432669
0.088707
0.935084
0.390777
0.587932
0.239836
0.653565
0.366532
0.481250
0.401686
0.333798
0.267585
0.767843
0.240382
0.961277
0.923551
0.274247
0.223279
0.252124
0.246993
0.239576
0.428251
0.825926
0.617186
0.193874
0.808081
0.985634
0.148602
0.853031
0.238602
0.416941
0.322400
0.434039
0.327424
0.098969
0.671174
0.049359
0.200996
0.499137
0.275419
0.419604
0.596993
0.049145
0.886679
0.858299
0.085062
0.177417
0.013399
0.589985
0.707862
0.758923
0.213971
0.966167
0.484389
0.062468
0.178459
0.338263
0.880482
0.042721
0.355407
0.640739
0.827884
0.044623
0.790826
0.051151
0.296426
0.272142
0.913454
0.605467
0.502217
0.736600
0.112123
0.884490
0.529551
0.005494
0.162868
0.262326
0.038870
0.682064
0.028196
0.499949
0.480695
0.278529
0.590492
0.287416
0.000000
0.000000
0.919946
0.006064
0.564530
0.368692
0.371361
0.021194
0.687251
0.554564
0.765436
0.791339
0.246561
0.199807
0.366939
0.719572
0.125365
0.429894
0.016353
0.071020
0.710306
0.802948
0.910197
0.912124
0.629536
0.131494
0.062137
0.777544
0.742150
0.625929
0.729097
0.203014
0.794995
0.974571
0.420144
0.245721
0.480122
0.668972
0.852376
0.945323
0.128732
0.696645
0.080084
0.103563
0.131198
0.515055
0.481781
0.445883
0.798177
0.528938
0.668844
0.483338
0.332687
0.258802
0.973703
0.264360
0.789941
0.497069
0.320785
0.616283
0.006894
0.062934
0.920025
0.906164
0.831537
0.913675
0.679158
0.777059
0.693668
0.198856
0.452388
0.788887
0.001925
0.555578
0.433248
0.058416
0.441960
0.839594
0.618257
0.741594
0.935637
0.325310
0.745991
0.872898
0.433286
0.521560
0.652659
0.469011
0.183299
0.226002
0.411955
0.015292
0.750670
0.062123
0.431684
0.542779
0.610149
0.436234
0.081069
0.283957
0.073227
0.729978
0.000000
0.000000
0.346375
0.652205
0.481757
0.382594
0.326886
0.103040
0.370412
0.377442
0.481798
0.795620
0.691394
0.849790
0.512283
0.855033
0.465442
0.264849
0.629484
0.562734
0.541156
0.393311
0.420462
0.137122
0.292178
0.007323
0.932701
0.609259
0.891846
0.420825
0.400181
0.553934
0.596259
0.506279
0.587210
0.132822
0.761598
0.651143
0.351090
0.312596
0.274251
0.149531
0.334346
0.833034
0.233576
0.069241
0.494727
0.122151
0.402621
0.091214
0.720548
0.342343
0.566305
0.654512
0.652501
0.700857
0.301104
0.085464
0.633436
0.266435
0.894252
0.300269
0.715057
0.330352
0.364873
0.592348
0.905185
0.264529
0.949826
0.738729
0.004461
0.850737
0.695572
0.562432
0.337716
0.332799
0.077323
0.458301
0.657190
0.571954
0.402109
0.934701
0.360534
0.947714
0.030124
0.441097
0.700709
0.702993
0.510167
0.612244
0.746369
0.801436
0.336725
0.564093
0.855266
0.589159
0.508241
0.853431
0.683798
0.106338
0.501957
0.019167
0.000000
0.000000
0.442609
0.907175
0.044670
0.945191
0.180380
0.369908
0.205239
0.095586
0.432741
0.277561
0.100858
0.498920
0.239034
0.349601
0.558262
0.548067
0.421274
0.385500
0.380664
0.280728
0.179912
0.127284
0.015690
0.753088
0.504955
0.722110
0.761101
0.268949
0.193622
0.064149
0.425374
0.702147
0.977321
0.551583
0.043807
0.582149
0.278376
0.542194
0.443321
0.117205
0.379941
0.764833
0.918368
0.692699
0.970624
0.126165
0.646414
0.386850
0.562345
0.198351
0.393926
0.340242
0.356478
0.373040
0.115364
0.501210
0.816913
0.343507
0.498536
0.118024
0.575517
0.515464
0.355277
0.863349
0.344015
0.456881
0.238089
0.771163
0.273405
0.525002
0.531113
0.873384
0.937613
0.048717
0.978845
0.632326
0.072634
0.211824
0.359887
0.426681
0.758145
0.915751
0.629740
0.955909
0.755118
0.526111
0.850111
0.816031
0.132130
0.760724
0.617232
0.397647
0.841272
0.038320
0.096206
0.948102
0.396016
0.532262
0.903642
0.340035
0.000000
0.000000
0.663896
0.727361
0.223014
0.555454
0.455233
0.610265
0.543990
0.518356
0.286048
0.879016
0.936543
0.806209
0.969085
0.524235
0.112869
0.650234
0.190886
0.856936
0.942853
0.103447
0.296439
0.799034
0.441715
0.492521
0.029516
0.572643
0.572462
0.741691
0.076606
0.787166
0.193495
0.530928
0.924130
0.986056
0.975293
0.304769
0.753638
0.206355
0.861381
0.657844
0.102206
0.580465
0.963488
0.844873
0.753107
0.703050
0.246624
0.039941
0.462113
0.117374
0.161620
0.419756
0.666115
0.973154
0.279650
0.531393
0.930693
0.166662
0.789250
0.102965
0.883623
0.522238
0.974126
0.756104
0.722570
0.002601
0.205614
0.260369
0.079955
0.735328
0.822651
0.343391
0.136138
0.665889
0.830441
0.673621
0.139459
0.378827
0.678363
0.515925
0.978055
0.267725
0.866911
0.373755
0.136630
0.082692
0.738824
0.372068
0.380516
0.302174
0.294525
0.259814
0.463475
0.987852
0.385076
0.943234
0.167001
0.925004
0.754337
0.856599
0.000000
0.000000
0.602387
0.107367
0.455472
0.654590
0.057533
0.021263
0.289802
0.931479
0.514019
0.875298
0.378100
0.884512
0.534774
0.892603
0.102763
0.212046
0.701606
0.361351
0.001396
0.384308
0.320143
0.393345
0.181251
0.209377
0.593725
0.594466
0.172470
0.933002
0.056217
0.201724
0.508252
0.759215
0.146052
0.931073
0.421948
0.056499
0.674200
0.279809
0.780087
0.962841
0.688245
0.498423
0.099032
0.287751
0.538112
0.011330
0.282843
0.589571
0.172048
0.170098
0.676343
0.569594
0.551671
0.967441
0.628422
0.324550
0.521016
0.864937
0.994108
0.838488
0.347397
0.749410
0.939413
0.668082
0.481203
0.286163
0.595156
0.336407
0.959551
0.442075
0.961996
0.676384
0.706078
0.957693
0.939877
0.833758
0.155241
0.830432
0.464140
0.298688
0.523305
0.831630
0.539132
0.259832
0.354038
0.186738
0.350657
0.189719
0.835691
0.384151
0.009500
0.309025
0.836747
0.281337
0.781343
0.531514
0.153915
0.525254
0.283240
0.714866
0.000000
0.000000
0.734389
0.449636
0.182077
0.135540
0.272772
0.635644
0.806188
0.667877
0.286589
0.142442
0.245875
0.691897
0.071747
0.498661
0.985998
0.904901
0.575208
0.766517
0.746767
0.695331
0.677317
0.282400
0.581868
0.618872
0.814240
0.015987
0.214353
0.987867
0.817337
0.632082
0.682147
0.808217
0.279662
0.664969
0.029324
0.544380
0.528970
0.873164
0.187608
0.931461
0.976352
0.331204
0.623709
0.527061
0.459082
0.358566
0.334270
0.083195
0.390402
0.239344
0.486272
0.700094
0.137270
0.826467
0.930053
0.828731
0.484953
0.659769
0.456401
0.418462
0.034296
0.926848
0.043380
0.476060
0.385748
0.534058
0.998168
0.902474
0.014755
0.780515
0.485289
0.390220
0.823090
0.874418
0.998356
0.195661
0.869969
0.307492
0.411236
0.816340
0.368255
0.426215
0.091217
0.667498
0.731308
0.300818
0.337997
0.734322
0.985457
0.698771
0.089932
0.470738
0.635363
0.525269
0.141339
0.275515
0.987103
0.794998
0.933335
0.348373
0.000000
0.000000
0.209133
0.680366
0.355424
0.438373
0.908778
0.833590
0.391384
0.733979
0.290660
0.292137
0.296796
0.024842
0.917842
0.686030
0.234278
0.497353
0.790582
0.380233
0.218583
0.722665
0.772833
0.693283
0.619675
0.762303
0.511480
0.329405
0.001344
0.580644
0.171838
0.194907
0.150322
0.505420
0.017387
0.471208
0.046077
0.442265
0.163559
0.572100
0.818320
0.085342
0.232836
0.246046
0.351934
0.409084
0.114243
0.407215
0.675931
0.543024
0.357130
0.661593
0.678703
0.131560
0.439620
0.937196
0.570224
0.577639
0.764602
0.246952
0.693855
0.294863
0.570701
0.634804
0.398891
0.248884
0.935332
0.448902
0.531784
0.634839
0.668120
0.439013
0.172989
0.694384
0.924926
0.370606
0.638788
0.889679
0.482942
0.629818
0.465017
0.109173
0.113116
0.107892
0.445731
0.938845
0.633814
0.929669
0.062876
0.306939
0.949764
0.010364
0.167828
0.755272
0.833822
0.605860
0.517917
0.942858
0.741206
0.701079
0.744718
0.873826
0.000000
0.000000
0.964121
0.981917
0.918633
0.283480
0.058626
0.820995
0.179522
0.034931
0.771327
0.540526
0.331540
0.578217
0.854507
0.642375
0.420104
0.545913
0.182298
0.236274
0.205414
0.259686
0.942632
0.641570
0.829063
0.388762
0.168412
0.740118
0.872796
0.355525
0.178829
0.996424
0.959128
0.155996
0.928936
0.424574
0.223084
0.136395
0.260176
0.544465
0.082208
0.598127
0.029186
0.454909
0.332499
0.943673
0.303102
0.428224
0.661034
0.381088
0.136171
0.096627
0.305162
0.823884
0.627253
0.205933
0.980185
0.437774
0.835196
0.539180
0.025127
0.006824
0.786086
0.447393
0.288737
0.863180
0.656228
0.284694
0.644566
0.263581
0.174779
0.368620
0.537542
0.926407
0.749121
0.147735
0.002888
0.127014
0.916921
0.672122
0.113790
0.960227
0.119383
0.492416
0.361313
0.470000
0.058780
0.330012
0.264520
0.245918
0.947676
0.032442
0.906151
0.368498
0.662540
0.953625
0.094128
0.685316
0.412440
0.111789
0.491835
0.461552
0.000000
0.000000
0.877058
0.660239
0.277965
0.657168
0.645415
0.897224
0.882337
0.335172
0.427002
0.803765
0.923094
0.866724
0.499650
0.584483
0.924757
0.166117
0.374360
0.259408
0.830481
0.070177
0.281030
0.555045
0.618967
0.409787
0.258428
0.416746
0.382056
0.096334
0.131284
0.609898
0.656194
0.840995
0.499818
0.307198
0.169764
0.048765
0.225817
0.366971
0.567846
0.569715
0.778776
0.590242
0.110663
0.640678
0.072019
0.365846
0.287303
0.741438
0.066987
0.757166
0.240713
0.230910
0.011988
0.132475
0.209387
0.214183
0.905794
0.277773
0.097102
0.782822
0.667521
0.612673
0.343792
0.690339
0.233559
0.308029
0.357301
0.216698
0.677280
0.736015
0.010019
0.355914
0.239955
0.927609
0.762987
0.379387
0.685956
0.698873
0.590398
0.962056
0.781346
0.538427
0.094138
0.886009
0.257495
0.463507
0.330798
0.756773
0.802849
0.803118
0.876637
0.087474
0.667914
0.502422
0.335562
0.588561
0.351933
0.206718
0.262155
0.098649
0.000000
0.000000
0.150063
0.321019
0.594389
0.153738
0.062626
0.007782
0.774260
0.682045
0.120503
0.719253
0.161854
0.120160
0.681152
0.144827
0.057828
0.134942
0.014780
0.189117
0.070862
0.037860
0.307870
0.515736
0.393511
0.995196
0.439600
0.151440
0.778051
0.741173
0.087644
0.470426
0.292830
0.406851
0.430237
0.871262
0.707250
0.014297
0.024584
0.236994
0.598265
0.926198
0.334413
0.443033
0.099138
0.715151
0.721638
0.782471
0.942045
0.047568
0.800350
0.466788
0.279140
0.044721
0.787551
0.899124
0.775684
0.837450
0.344421
0.191193
0.378439
0.256334
0.021463
0.293279
0.240423
0.202589
0.348221
0.537150
0.124314
0.192738
0.488620
0.407010
0.734919
0.299905
0.807136
0.913665
0.765108
0.334212
0.719338
0.033593
0.615624
0.112185
0.050602
0.055210
0.026220
0.955436
0.525214
0.756254
0.589818
0.738906
0.319417
0.848130
0.493647
0.114835
0.812272
0.666829
0.381783
0.718809
0.418628
0.055933
0.585000
0.298828
0.000000
0.000000
0.409563
0.586090
0.315622
0.147358
0.991529
0.107493
0.334257
0.037959
0.922407
0.373142
0.989161
0.543456
0.563317
0.187899
0.215496
0.485307
0.219501
0.936873
0.277625
0.953104
0.814933
0.349599
0.021606
0.341013
0.384398
0.093290
0.969253
0.190045
0.164620
0.507031
0.508238
0.051478
0.367012
0.584797
0.994751
0.435132
0.695998
0.016475
0.152540
0.899539
0.046376
0.029327
0.574444
0.340404
0.219301
0.903991
0.683088
0.371648
0.401118
0.204970
0.237699
0.884361
0.921243
0.781649
0.241916
0.583596
0.201856
0.127068
0.687669
0.910739
0.750940
0.822909
0.225121
0.386746
0.418688
0.935786
0.105555
0.531289
0.621192
0.280342
0.197763
0.408387
0.362605
0.161901
0.893525
0.440476
0.670310
0.210427
0.471146
0.049914
0.495932
0.269721
0.684174
0.747996
0.391641
0.558827
0.732246
0.611622
0.581230
0.070604
0.374246
0.033590
0.406143
0.657958
0.575241
0.975956
0.441639
0.777837
0.569458
0.021100
0.000000
0.000000
0.512274
0.407552
0.219837
0.230461
0.438550
0.919894
0.319038
0.284335
0.363779
0.499318
0.813524
0.234818
0.022264
0.301121
0.298062
0.825928
0.136395
0.814580
0.861088
0.552942
0.018530
0.507821
0.713645
0.697748
0.893456
0.701185
0.937290
0.010893
0.819740
0.034268
0.516160
0.653330
0.754127
0.279997
0.603051
0.888781
0.643234
0.786063
0.491141
0.403460
0.877440
0.708183
0.826492
0.010670
0.095557
0.543284
0.856217
0.264356
0.775547
0.637921
0.725060
0.894648
0.767987
0.206847
0.043304
0.153564
0.718314
0.128644
0.220789
0.453559
0.465261
0.089786
0.506730
0.076509
0.166525
0.747710
0.334567
0.305054
0.818879
0.982049
0.968970
0.576622
0.233483
0.292098
0.673764
0.573739
0.199702
0.958198
0.336155
0.149664
0.328383
0.113097
0.771914
0.792563
0.587069
0.079192
0.192902
0.775405
0.353391
0.838948
0.133887
0.698148
0.190345
0.396807
0.338947
0.922693
0.838403
0.629524
0.865491
0.216290
0.000000
0.000000
0.064899
0.678001
0.535120
0.517349
0.255719
0.852828
0.823201
0.016572
0.474710
0.944119
0.458621
0.849972
0.535552
0.434101
0.024434
0.504360
0.876484
0.908249
0.285203
0.132704
0.000133
0.317961
0.530108
0.829176
0.673584
0.913014
0.756142
0.168512
0.964016
0.348266
0.598488
0.731392
0.870816
0.333399
0.463043
0.166887
0.466389
0.456370
0.127822
0.639930
0.896488
0.427428
0.175846
0.294898
0.058738
0.060173
0.026660
0.550467
0.563051
0.304596
0.754511
0.671103
0.939838
0.485155
0.518088
0.789203
0.571168
0.766495
0.920166
0.210306
0.608114
0.465725
0.616700
0.203092
0.677601
0.017316
0.226608
0.914466
0.768434
0.533313
0.068380
0.199584
0.012018
0.966572
0.832201
0.445309
0.990495
0.794284
0.488611
0.130589
0.212243
0.831110
0.323787
0.738768
0.159873
0.731471
0.053694
0.714390
0.121736
0.984045
0.593098
0.269543
0.432004
0.930512
0.507885
0.064098
0.659111
0.449172
0.147168
0.775228
0.000000
0.000000
0.531262
0.087894
0.900461
0.868151
0.056300
0.640056
0.889265
0.347723
0.666720
0.454461
0.446879
0.017031
0.861418
0.937822
0.478774
0.569831
0.992796
0.404135
0.219841
0.866497
0.689023
0.171469
0.009024
0.169077
0.206388
0.901622
0.709140
0.131930
0.425205
0.661447
0.322383
0.597437
0.210647
0.189618
0.208316
0.713345
0.252696
0.270015
0.481757
0.220674
0.354664
0.637734
0.749754
0.492421
0.617389
0.319453
0.302499
0.141789
0.844342
0.288154
0.908832
0.113209
0.613861
0.283904
0.508132
0.538875
0.052151
0.437082
0.218730
0.918339
0.691453
0.115925
0.359623
0.306056
0.302248
0.561445
0.796099
0.469949
0.791171
0.418769
0.739530
0.357523
0.949822
0.750147
0.019577
0.755167
0.911801
0.347754
0.071285
0.855089
0.094353
0.549568
0.915525
0.522012
0.051965
0.440909
0.691189
0.261378
0.895908
0.459712
0.232019
0.195943
0.849694
0.741609
0.662215
0.107088
0.836173
0.454915
0.650630
0.904423
0.000000
0.000000
0.110706
0.603830
0.016382
0.091210
0.905672
0.547619
0.644206
0.235877
0.620574
0.078982
0.645751
0.176300
0.618925
0.970324
0.669193
0.331811
0.457887
0.024949
0.523105
0.989192
0.723364
0.396945
0.590730
0.573180
0.507674
0.145546
0.290949
0.501144
0.141870
0.406383
0.593103
0.809380
0.470599
0.674122
0.757180
0.182100
0.619639
0.769927
0.421086
0.438989
0.488780
0.216833
0.832912
0.501544
0.102732
0.364360
0.820802
0.122844
0.649359
0.736625
0.710665
0.105335
0.958604
0.423693
0.560113
0.098783
0.483118
0.153625
0.308470
0.130916
0.343519
0.663060
0.516203
0.796667
0.576596
0.066874
0.248482
0.908679
0.889508
0.989806
0.323655
0.987420
0.613865
0.652082
0.601346
0.797794
0.610447
0.377239
0.174647
0.059914
0.152353
0.383419
0.013084
0.965374
0.318187
0.955604
0.028960
0.397179
0.277810
0.361853
0.780453
0.445664
0.057312
0.047994
0.530815
0.766768
0.614629
0.932433
0.781577
0.754903
0.000000
0.000000
0.326217
0.521981
0.645579
0.511238
0.662100
0.231310
0.982569
0.085919
0.412678
0.985284
0.485259
0.611872
0.011220
0.768552
0.741560
0.217347
0.397321
0.262564
0.078639
0.220120
0.484985
0.515296
0.839009
0.413152
0.402176
0.952687
0.335098
0.133750
0.695436
0.922773
0.487525
0.505692
0.004626
0.188469
0.779639
0.610826
0.792457
0.837900
0.687358
0.081434
0.806141
0.134777
0.569914
0.574692
0.016103
0.934828
0.614780
0.668575
0.421773
0.702767
0.470697
0.408893
0.988636
0.485251
0.117263
0.858086
0.341976
0.316379
0.377527
0.869882
0.531433
0.025156
0.248355
0.723680
0.432381
0.261451
0.189409
0.214478
0.494895
0.033001
0.372624
0.356677
0.274707
0.264399
0.744515
0.131684
0.803084
0.304403
0.342846
0.659341
0.038964
0.772143
0.690085
0.927245
0.062019
0.687467
0.725695
0.846529
0.553800
0.842397
0.048919
0.758804
0.676000
0.874429
0.330943
0.518500
0.453945
0.179503
0.847399
0.046426
0.000000
0.000000
0.523596
0.232704
0.903274
0.541257
0.098685
0.857084
0.042738
0.142042
0.217498
0.777462
0.357606
0.025324
0.833780
0.363198
0.788562
0.879660
0.676508
0.545244
0.898889
0.099493
0.090939
0.034239
0.324174
0.166066
0.998079
0.415485
0.754333
0.693313
0.770644
0.912260
0.310680
0.204717
0.072879
0.587201
0.542487
0.644086
0.598005
0.450020
0.162550
0.764921
0.983300
0.143146
0.827703
0.881133
0.070450
0.477865
0.738755
0.733737
0.816245
0.533480
0.560833
0.346526
0.550756
0.021103
0.736771
0.833972
0.836320
0.033120
0.912172
0.094925
0.850908
0.522200
0.016366
0.129177
0.593175
0.721787
0.037025
0.176169
0.232437
0.715013
0.770586
0.589379
0.872939
0.453991
0.983929
0.259961
0.690669
0.596744
0.279329
0.279210
0.683768
0.811281
0.076241
0.369373
0.806237
0.958331
0.993735
0.425572
0.433153
0.338446
0.454668
0.769975
0.755700
0.992394
0.203073
0.375417
0.708670
0.163498
0.323962
0.809012
0.000000
0.000000
0.218957
0.328388
0.461998
0.352330
0.073540
0.505193
0.274200
0.567635
0.027511
0.613717
0.423612
0.645296
0.306118
0.290785
0.430515
0.550274
0.122461
0.130425
0.228788
0.106923
0.093037
0.188573
0.683496
0.541483
0.521407
0.941817
0.637501
0.718558
0.424442
0.248358
0.935987
0.802128
0.761634
0.061753
0.906654
0.655628
0.947950
0.545242
0.305319
0.088516
0.421535
0.367533
0.852529
0.983924
0.053853
0.357135
0.999067
0.415017
0.380648
0.104580
0.589612
0.146321
0.376576
0.936352
0.700370
0.242934
0.742119
0.326638
0.369959
0.492794
0.200618
0.287567
0.292593
0.429844
0.478113
0.931920
0.836230
0.289976
0.958075
0.723048
0.864808
0.523250
0.052769
0.960015
0.672208
0.065467
0.979136
0.294845
0.949909
0.173420
0.000905
0.878455
0.850537
0.336409
0.098330
0.628119
0.400417
0.928052
0.880606
0.619081
0.893941
0.209053
0.258298
0.004125
0.090453
0.595820
0.299313
0.775434
0.642390
0.179547
0.000000
0.000000
0.283340
0.135855
0.563496
0.144256
0.856053
0.030408
0.850324
0.232800
0.754936
0.056390
0.707646
0.184121
0.994603
0.516700
0.538151
0.271514
0.378257
0.512147
0.515419
0.468934
0.154167
0.215126
0.645173
0.606139
0.182345
0.867691
0.527718
0.974538
0.285485
0.949081
0.607605
0.776488
0.063482
0.591157
0.899758
0.509788
0.532835
0.798576
0.655096
0.463058
0.557317
0.743034
0.514322
0.120782
0.268087
0.924859
0.589397
0.539223
0.937265
0.255629
0.911900
0.557116
0.738685
0.684321
0.139706
0.973489
0.424540
0.076212
0.107926
0.972241
0.570353
0.483825
0.644990
0.218204
0.694903
0.245757
0.633619
0.960137
0.726422
0.969658
0.762141
0.525096
0.446790
0.638362
0.307138
0.443406
0.665270
0.822277
0.319021
0.657045
0.505403
0.157446
0.305077
0.105101
0.870622
0.678951
0.826875
0.946069
0.630604
0.513402
0.555995
0.987431
0.626902
0.852017
0.490251
0.019959
0.243831
0.550075
0.101567
0.474312
0.000000
0.000000
0.174531
0.325383
0.110386
0.428237
0.718991
0.767617
0.927185
0.756954
0.332498
0.880560
0.525610
0.267340
0.168217
0.045011
0.170775
0.925775
0.108624
0.834149
0.151815
0.855876
0.598568
0.197768
0.797531
0.787386
0.095585
0.171448
0.602812
0.325098
0.267285
0.789300
0.616613
0.686464
0.697433
0.932021
0.120188
0.606886
0.489868
0.529701
0.221869
0.748181
0.258154
0.199114
0.871523
0.027186
0.036340
0.437994
0.065688
0.979386
0.628900
0.656328
0.327906
0.475500
0.016242
0.200028
0.858495
0.067540
0.310749
0.826623
0.611868
0.914600
0.884110
0.245313
0.958202
0.452297
0.888558
0.464850
0.585221
0.011679
0.728435
0.415300
0.118637
0.596256
0.004688
0.939455
0.691412
0.271798
0.753737
0.658332
0.283710
0.535615
0.060216
0.677427
0.922883
0.466639
0.368810
0.917394
0.011573
0.929235
0.693418
0.821237
0.857737
0.110577
0.704999
0.551666
0.520628
0.313732
0.161415
0.319728
0.671067
0.523951
0.000000
0.000000
0.607800
0.760315
0.163863
0.494362
0.764688
0.300811
0.838866
0.679808
0.328461
0.538264
0.837817
0.242977
0.019484
0.607479
0.538793
0.226349
0.919941
0.935995
0.488630
0.697628
0.516586
0.285234
0.009450
0.292950
0.666485
0.155092
0.225578
0.877622
0.605728
0.646814
0.069183
0.218546
0.779994
0.629077
0.070616
0.657219
0.519659
0.947530
0.020851
0.728718
0.398518
0.687246
0.073087
0.758046
0.050723
0.642410
0.500775
0.530090
0.738252
0.274568
0.238036
0.759943
0.960094
0.166206
0.378594
0.096802
0.934562
0.802916
0.730205
0.794713
0.573570
0.361690
0.161334
0.886371
0.901999
0.758582
0.361792
0.496225
0.658685
0.288967
0.143057
0.308133
0.347441
0.139538
0.216239
0.555822
0.051184
0.417353
0.711580
0.879273
0.601479
0.464972
0.815421
0.322125
0.376389
0.138016
0.653592
0.025492
0.233686
0.978782
0.943021
0.981064
0.066964
0.195257
0.423406
0.537076
0.463277
0.625909
0.502559
0.791777
0.000000
0.000000
0.710352
0.569405
0.157099
0.625603
0.925833
0.983197
0.723174
0.187558
0.860132
0.129060
0.743472
0.047878
0.649699
0.059537
0.919762
0.171725
0.088046
0.304543
0.671595
0.204443
0.974810
0.039560
0.491791
0.640933
0.405016
0.057082
0.630337
0.214581
0.629709
0.394561
0.796108
0.879037
0.780077
0.702483
0.420672
0.643856
0.078309
0.380750
0.437689
0.406951
0.273786
0.231351
0.737898
0.879400
0.772488
0.035833
0.554316
0.588174
0.246189
0.398386
0.806780
0.301836
0.489634
0.781287
0.449977
0.833240
0.676675
0.086629
0.980718
0.566428
0.207679
0.095609
0.062521
0.025782
0.334127
0.556807
0.845939
0.626754
0.599864
0.210636
0.253915
0.651974
0.328917
0.523174
0.124717
0.452696
0.992596
0.399229
0.061912
0.292961
0.552272
0.740127
0.318404
0.493858
0.628669
0.753146
0.693887
0.136881
0.906962
0.378877
0.529622
0.988615
0.958209
0.817646
0.423895
0.817977
0.444496
0.380260
0.707235
0.238916
0.000000
0.000000
0.175765
0.238147
0.283592
0.040649
0.551417
0.942499
0.787837
0.241432
0.695976
0.015258
0.768548
0.331893
0.322330
0.765437
0.384165
0.218627
0.563322
0.220633
0.162637
0.399640
0.020395
0.423270
0.003273
0.044860
0.189124
0.201336
0.600350
0.231722
0.566548
0.550750
0.338006
0.989924
0.148359
0.851288
0.787180
0.524301
0.018839
0.263452
0.998590
0.710541
0.218090
0.641613
0.121068
0.556681
0.787968
0.414502
0.083664
0.587107
0.639266
0.125155
0.865262
0.487784
0.276018
0.311472
0.666567
0.500098
0.444139
0.325583
0.565924
0.015223
0.552834
0.935824
0.481772
0.328476
0.803082
0.143466
0.078623
0.445408
0.465510
0.736679
0.699037
0.533090
0.206323
0.156967
0.402240
0.437576
0.975063
0.926744
0.308064
0.862583
0.560227
0.544162
0.842280
0.787971
0.536371
0.001830
0.370152
0.436121
0.633203
0.146777
0.565367
0.403117
0.053982
0.135985
0.390510
0.457556
0.331911
0.857333
0.607156
0.197118
0.000000
0.000000
0.143521
0.767380
0.652723
0.342280
0.056611
0.420362
0.460864
0.535503
0.828423
0.998370
0.382405
0.190080
0.992391
0.679937
0.934896
0.636410
0.648705
0.382612
0.027874
0.593066
0.731305
0.653124
0.061962
0.153041
0.755654
0.495833
0.384369
0.288318
0.186366
0.947338
0.398056
0.139152
0.541373
0.030516
0.548450
0.396589
0.760946
0.162785
0.468100
0.593645
0.085334
0.497141
0.776899
0.133818
0.700195
0.830731
0.513148
0.004814
0.356712
0.973022
0.144658
0.774766
0.360979
0.281578
0.543410
0.407239
0.920304
0.356899
0.112509
0.255084
0.155677
0.813111
0.629639
0.659374
0.664118
0.547277
0.285949
0.097313
0.831218
0.315020
0.598784
0.468768
0.658211
0.261000
0.284530
0.691057
0.973479
0.282558
0.853993
0.901328
0.837754
0.752280
0.259131
0.947138
0.847132
0.842375
0.777156
0.473755
0.851166
0.929184
0.024244
0.729087
0.466320
0.591194
0.984498
0.847007
0.976697
0.344855
0.277363
0.316407
0.000000
0.000000
0.336489
0.548100
0.285206
0.915859
0.670683
0.785491
0.183005
0.140886
0.055745
0.618373
0.589941
0.375036
0.022618
0.159251
0.506773
0.787172
0.762038
0.934325
0.795180
0.454261
0.344399
0.132860
0.561234
0.207615
0.118007
0.767655
0.457255
0.725843
0.106726
0.439141
0.557388
0.855584
0.911929
0.351330
0.372362
0.102235
0.657593
0.218810
0.866431
0.393405
0.453885
0.181754
0.067439
0.784553
0.801867
0.463419
0.852423
0.625648
0.180491
0.030070
0.129778
0.315606
0.731535
0.772980
0.148569
0.795800
0.165345
0.717103
0.078557
0.393866
0.815830
0.529975
0.947356
0.316681
0.578165
0.190229
0.392261
0.998756
0.343688
0.908571
0.697666
0.029770
0.481277
0.676905
0.402483
0.154091
0.561168
0.949325
0.959295
0.989941
0.836014
0.654080
0.869173
0.863771
0.761925
0.165268
0.079474
0.508895
0.093040
0.437859
0.311971
0.379151
0.995592
0.869492
0.947907
0.254305
0.048492
0.831839
0.688726
0.596022
0.000000
0.000000
0.214740
0.535169
0.055756
0.431049
0.190738
0.327775
0.937657
0.847367
0.256984
0.377206
0.733514
0.782224
0.011637
0.221706
0.067072
0.705654
0.875934
0.277482
0.692804
0.139014
0.374769
0.835878
0.695748
0.694899
0.853362
0.294588
0.650968
0.298628
0.944677
0.780789
0.825018
0.736185
0.793673
0.405158
0.130612
0.159556
0.816644
0.030554
0.543991
0.823497
0.948397
0.460268
0.069500
0.522400
0.195857
0.298711
0.975715
0.165316
0.777350
0.341378
0.474103
0.100237
0.060182
0.861720
0.070872
0.882796
0.393840
0.440051
0.350732
0.032351
0.725566
0.353490
0.641060
0.771589
0.677081
0.485872
0.812129
0.075997
0.028333
0.433507
0.143478
0.808037
0.001755
0.096222
0.421675
0.235114
0.956301
0.371487
0.491320
0.267509
0.576280
0.520045
0.978869
0.660741
0.846242
0.087144
0.422876
0.041406
0.602132
0.731446
0.682629
0.061032
0.676503
0.307075
0.348294
0.726500
0.107092
0.252499
0.438931
0.587180
0.000000
0.000000
0.307007
0.435469
0.310336
0.915969
0.658420
0.176907
0.645104
0.035293
0.782607
0.001804
0.384515
0.672467
0.039491
0.434759
0.174381
0.583211
0.191036
0.383639
0.882180
0.001841
0.680203
0.282515
0.821409
0.294109
0.390100
0.951081
0.835255
0.890217
0.932589
0.129361
0.348286
0.713610
0.625149
0.833619
0.220504
0.319321
0.219386
0.028035
0.680210
0.286149
0.030791
0.284451
0.113194
0.071623
0.581015
0.010961
0.843501
0.066062
0.484097
0.162403
0.421958
0.863060
0.656410
0.962474
0.395760
0.411930
0.779265
0.902051
0.669312
0.171376
0.319782
0.271206
0.230797
0.702492
0.309470
0.973869
0.862436
0.619773
0.879447
0.307114
0.626196
0.633983
0.301197
0.582954
0.107676
0.798408
0.875137
0.647670
0.055069
0.938562
0.057961
0.249145
0.375118
0.413529
0.165184
0.941974
0.128043
0.755389
0.640155
0.306615
0.115719
0.955548
0.824148
0.152197
0.392890
0.462763
0.737818
0.875654
0.973842
0.723877
0.000000
0.000000
0.622915
0.842093
0.378042
0.898682
0.788761
0.908798
0.421410
0.070587
0.907523
0.612739
0.750338
0.580403
0.994522
0.165867
0.708823
0.166703
0.079331
0.634077
0.551481
0.772274
0.054883
0.046642
0.582510
0.761745
0.185260
0.535964
0.573696
0.604939
0.040792
0.270123
0.178949
0.527728
0.735075
0.917633
0.030598
0.824218
0.847394
0.469636
0.370319
0.075637
0.169957
0.671965
0.590129
0.667788
0.450260
0.791944
0.455798
0.894465
0.072557
0.635435
0.808622
0.321098
0.536072
0.866080
0.534216
0.793612
0.586233
0.881507
0.443176
0.093164
0.929496
0.418572
0.526703
0.690944
0.054657
0.340410
0.792789
0.006545
0.054202
0.274074
0.357479
0.781057
0.188845
0.406480
0.693955
0.829480
0.546175
0.912339
0.917629
0.618542
0.910472
0.893861
0.345293
0.996385
0.890265
0.363816
0.782897
0.328324
0.156707
0.739484
0.631737
0.599904
0.240562
0.282347
0.798737
0.586945
0.301753
0.296112
0.225205
0.505442
0.000000
0.000000
0.565037
0.068896
0.163903
0.510519
0.541539
0.510036
0.121917
0.155750
0.409146
0.693653
0.780772
0.636363
0.581805
0.974734
0.529638
0.288371
0.196209
0.215373
0.437663
0.566950
0.915583
0.316097
0.281023
0.618899
0.220445
0.172017
0.016418
0.516334
0.002416
0.556002
0.555734
0.073732
0.396909
0.772204
0.572536
0.403069
0.523322
0.392486
0.067025
0.778519
0.764310
0.568530
0.614463
0.588870
0.616629
0.239777
0.791084
0.705647
0.737876
0.138418
0.005490
0.738518
0.810787
0.564722
0.055682
0.323096
0.933615
0.852758
0.686773
0.167238
0.679664
0.079569
0.561004
0.459042
0.665068
0.434114
0.030703
0.442409
0.467067
0.010384
0.593550
0.301631
0.825934
0.915917
0.267353
0.296017
0.092474
0.725832
0.717460
0.620868
0.376115
0.630672
0.517287
0.650206
0.871254
0.331019
0.557545
0.028614
0.220866
0.785588
0.290904
0.057183
0.698901
0.638333
0.647709
0.882603
0.164071
0.666668
0.383201
0.693228
0.000000
0.000000
0.304173
0.649632
0.359535
0.912868
0.388772
0.678022
0.752664
0.199394
0.678317
0.791001
0.726212
0.175196
0.103216
0.817545
0.980096
0.751684
0.909741
0.608515
0.459201
0.045914
0.599668
0.781424
0.818052
0.223082
0.732903
0.677559
0.972098
0.411600
0.051227
0.315271
0.314759
0.492737
0.055631
0.094983
0.239078
0.782436
0.868830
0.623984
0.332523
0.271248
0.031974
0.869332
0.247647
0.985422
0.127586
0.532953
0.378597
0.783772
0.914090
0.361125
0.911044
0.119122
0.034828
0.904507
0.930741
0.589996
0.056448
0.882160
0.849516
0.568740
0.460586
0.067605
0.383213
0.740402
0.522328
0.496759
0.830199
0.016776
0.264059
0.141901
0.032971
0.289314
0.893866
0.163104
0.988979
0.131302
0.467300
0.370159
0.657562
0.873565
0.294876
0.272825
0.080891
0.186346
0.760009
0.909609
0.644623
0.517449
0.701595
0.045074
0.890251
0.672620
0.164873
0.502564
0.531819
0.624003
0.964568
0.569174
0.577672
0.937488
0.000000
0.000000
0.061560
0.658997
0.099398
0.608669
0.804352
0.032315
0.521933
0.297648
0.660648
0.597717
0.061549
0.891164
0.953334
0.180876
0.073545
0.988032
0.427906
0.758982
0.923166
0.872116
0.963365
0.296760
0.710039
0.901098
0.874201
0.828601
0.035209
0.906136
0.627933
0.572596
0.738187
0.508222
0.864827
0.140238
0.657136
0.592994
0.513367
0.244620
0.973506
0.916214
0.652010
0.110502
0.514626
0.481053
0.068172
0.388843
0.805203
0.786656
0.119977
0.411976
0.798067
0.252720
0.587479
0.036733
0.681630
0.826820
0.699911
0.351772
0.489147
0.284127
0.265971
0.764926
0.584379
0.538556
0.990675
0.769158
0.586098
0.790853
0.548925
0.076420
0.474317
0.849727
0.403079
0.236798
0.541489
0.368907
0.758522
0.769037
0.346308
0.967453
0.355807
0.193194
0.091056
0.313235
0.958344
0.638464
0.208140
0.333122
0.343016
0.894843
0.504160
0.562223
0.789345
0.350928
0.220180
0.822832
0.076042
0.082186
0.309716
0.855496
0.000000
0.000000
0.474297
0.324237
0.460044
0.674175
0.574062
0.842825
0.075822
0.259850
0.687559
0.432499
0.323726
0.046072
0.310353
0.426623
0.615572
0.243015
0.844717
0.882797
0.928256
0.562634
0.302986
0.770147
0.507220
0.612585
0.686576
0.083905
0.714108
0.298379
0.233191
0.317444
0.282018
0.250564
0.123545
0.668144
0.278391
0.247568
0.568767
0.051348
0.823166
0.036945
0.267171
0.302190
0.662305
0.625757
0.712341
0.275835
0.996085
0.300446
0.501265
0.132322
0.897560
0.237942
0.067090
0.365624
0.989006
0.212025
0.287535
0.504589
0.630568
0.393183
0.679961
0.130034
0.070238
0.045384
0.553928
0.890816
0.585794
0.531546
0.644040
0.407507
0.261375
0.609210
0.632786
0.759273
0.233894
0.288725
0.022698
0.291437
0.354083
0.649630
0.607602
0.756168
0.884364
0.895503
0.078076
0.525871
0.045145
0.796613
0.314831
0.235507
0.267438
0.142384
0.193852
0.833386
0.745104
0.743855
0.265942
0.113418
0.048981
0.276120
0.000000
0.000000
0.657360
0.626701
0.574108
0.200358
0.409374
0.284314
0.834083
0.757352
0.865908
0.416935
0.742514
0.069935
0.958454
0.687191
0.260030
0.735626
0.478618
0.871375
0.322553
0.561023
0.245850
0.134488
0.237612
0.363673
0.688089
0.039020
0.688734
0.260818
0.856589
0.546114
0.460499
0.152666
0.255789
0.391646
0.964607
0.519424
0.120884
0.914895
0.456607
0.904683
0.291900
0.782189
0.055907
0.213044
0.776544
0.696810
0.907883
0.608883
0.544557
0.753118
0.877259
0.893774
0.855831
0.683244
0.407614
0.047855
0.238428
0.013959
0.381700
0.907123
0.303596
0.867330
0.147173
0.309913
0.418244
0.210176
0.767455
0.242546
0.886141
0.297543
0.190678
0.724119
0.956810
0.901467
0.700584
0.813472
0.866425
0.888213
0.230451
0.626476
0.243942
0.442680
0.782786
0.715829
0.244633
0.737832
0.907812
0.842232
0.971466
0.142859
0.856912
0.762052
0.760262
0.459418
0.384084
0.107429
0.455472
0.147247
0.293592
0.380417
0.000000
0.000000
0.924546
0.193468
0.655051
0.394229
0.193486
0.031735
0.801822
0.313325
0.746942
0.590634
0.296429
0.815503
0.892513
0.589583
0.815188
0.555128
0.814574
0.038354
0.848485
0.114486
0.151174
0.728034
0.201974
0.738008
0.867171
0.209039
0.728760
0.613300
0.512972
0.959335
0.184444
0.200738
0.659121
0.739105
0.374368
0.976080
0.035211
0.328246
0.650959
0.039350
0.135622
0.238739
0.859359
0.914478
0.007608
0.246182
0.609730
0.984514
0.979311
0.619195
0.948318
0.373761
0.227565
0.568183
0.560081
0.281103
0.872199
0.845637
0.647979
0.723669
0.266740
0.121991
0.150853
0.667906
0.336551
0.617685
0.775326
0.732936
0.736284
0.059901
0.227051
0.466279
0.898958
0.544241
0.057137
0.794493
0.774849
0.509021
0.025752
0.975528
0.242368
0.901012
0.448384
0.062794
0.099259
0.368498
0.513531
0.380071
0.001697
0.717577
0.345076
0.656387
0.169335
0.621151
0.424611
0.677083
0.178810
0.887456
0.159935
0.097846
0.000000
0.000000
0.761439
0.894076
0.247727
0.597233
0.076617
0.266548
0.846328
0.684056
0.487419
0.356783
0.213335
0.228838
0.764782
0.396144
0.822659
0.525028
0.102739
0.048383
0.938881
0.614735
0.991897
0.476778
0.982658
0.572067
0.232497
0.117017
0.130376
0.741824
0.138313
0.187152
0.396476
0.335996
0.458718
0.102915
0.170468
0.641399
0.787682
0.372360
0.306597
0.897638
0.724393
0.406703
0.186363
0.051584
0.943964
0.420620
0.596144
0.513544
0.895827
0.185833
0.093502
0.056556
0.047637
0.682720
0.475505
0.927014
0.411363
0.870006
0.710000
0.942367
0.480171
0.434611
0.512073
0.524490
0.469051
0.958543
0.856098
0.305534
0.720322
0.854618
0.307691
0.156803
0.077107
0.748091
0.534213
0.453919
0.792427
0.218777
0.306510
0.731537
0.459926
0.405043
0.251685
0.581145
0.808327
0.050434
0.148746
0.491410
0.891695
0.313020
0.282826
0.064712
0.060515
0.579087
0.836963
0.347393
0.348429
0.041527
0.391318
0.866307
0.000000
0.000000
0.025259
0.171378
0.830928
0.012831
0.466690
0.831624
0.900266
0.507053
0.838730
0.567657
0.773961
0.312721
0.107592
0.694582
0.741751
0.396931
0.346586
0.054359
0.374866
0.366856
0.284173
0.914389
0.660146
0.425534
0.625100
0.600122
0.980508
0.764331
0.718900
0.880662
0.010650
0.571535
0.971603
0.533630
0.062717
0.564695
0.228127
0.440578
0.098906
0.127116
0.801629
0.254883
0.499928
0.522996
0.019605
0.877014
0.460103
0.979939
0.569475
0.874304
0.241524
0.117559
0.151405
0.059494
0.200206
0.868242
0.770874
0.931871
0.080753
0.069891
0.977305
0.521702
0.787699
0.309754
0.118516
0.485428
0.415278
0.915841
0.159458
0.203608
0.150090
0.957696
0.748681
0.206452
0.665701
0.219563
0.449300
0.940374
0.581940
0.147727
0.629531
0.184303
0.082893
0.213928
0.526436
0.666704
0.458999
0.215459
0.220276
0.890088
0.301553
0.250061
0.896617
0.119728
0.665199
0.327472
0.326094
0.825488
0.550212
0.644778
0.000000
0.000000
0.845129
0.594999
0.330987
0.211409
0.625688
0.263062
0.975649
0.161356
0.794542
0.924433
0.466308
0.613565
0.410489
0.969225
0.653200
0.771410
0.415175
0.149071
0.494319
0.848694
0.677786
0.445928
0.497077
0.156128
0.697865
0.204692
0.677375
0.124508
0.595472
0.772918
0.579581
0.683934
0.427303
0.276806
0.978040
0.964917
0.728054
0.724777
0.644965
0.085850
0.527904
0.851543
0.209986
0.826740
0.206410
0.475496
0.299929
0.344970
0.927950
0.030121
0.720036
0.376216
0.588028
0.329947
0.864927
0.854955
0.548099
0.043414
0.533580
0.825268
0.566275
0.219237
0.323338
0.065043
0.373823
0.258527
0.260603
0.472485
0.094833
0.063145
0.816481
0.068448
0.297635
0.787571
0.456372
0.910177
0.550671
0.429218
0.399054
0.063297
0.716192
0.719924
0.741173
0.689373
0.260416
0.009870
0.350101
0.896161
0.743236
0.293986
0.184343
0.162956
0.075790
0.436979
0.271620
0.237105
0.146549
0.470825
0.728588
0.391400
0.000000
0.000000
0.156016
0.141592
0.904516
0.352418
0.159462
0.871877
0.803712
0.734155
0.492171
0.401842
0.862601
0.180836
0.925568
0.822036
0.686578
0.469161
0.887939
0.982359
0.032336
0.824773
0.659318
0.448279
0.573720
0.797916
0.632758
0.789704
0.059559
0.389406
0.420234
0.664072
0.634471
0.885303
0.611508
0.615349
0.877162
0.766863
0.750091
0.115622
0.204090
0.116260
0.841460
0.381574
0.454046
0.073887
0.025165
0.961115
0.158395
0.933642
0.236765
0.075554
0.672556
0.084327
0.062168
0.695169
0.002059
0.156857
0.274550
0.315229
0.714036
0.571787
0.515193
0.577330
0.004943
0.352235
0.544735
0.092064
0.272324
0.590728
0.004627
0.030751
0.376707
0.165515
0.306225
0.269974
0.307210
0.584022
0.538519
0.790671
0.372719
0.752009
0.652579
0.551939
0.850920
0.425249
0.574401
0.768254
0.539514
0.984270
0.105585
0.301005
0.379854
0.472716
0.222569
0.320742
0.226851
0.021758
0.015473
0.783850
0.018647
0.902727
0.000000
0.000000
0.196605
0.609035
0.522871
0.706730
0.353196
0.758894
0.505576
0.765774
0.362532
0.925018
0.901099
0.551715
0.521025
0.179025
0.608923
0.727960
0.875942
0.473322
0.752214
0.181048
0.021336
0.129271
0.860052
0.796709
0.187592
0.171215
0.675568
0.399895
0.935527
0.476235
0.402236
0.190023
0.337066
0.440981
0.137984
0.980339
0.439650
0.803842
0.817665
0.231528
0.641258
0.257810
0.124107
0.407058
0.067692
0.109760
0.529556
0.211502
0.025967
0.994120
0.744641
0.982235
0.951382
0.471608
0.987536
0.852921
0.309077
0.951736
0.113649
0.117274
0.000695
0.303156
0.369181
0.120341
0.711912
0.957514
0.322288
0.788984
0.671486
0.109614
0.723963
0.882602
0.000493
0.101944
0.370384
0.914689
0.998989
0.170494
0.172617
0.103070
0.606148
0.411890
0.255783
0.201685
0.187689
0.883772
0.631414
0.622426
0.658269
0.177084
0.625849
0.876456
0.178203
0.645574
0.884122
0.250516
0.586221
0.486873
0.839086
0.051676
0.000000
0.000000
0.739473
0.554516
0.429472
0.779723
0.396667
0.357229
0.659472
0.394172
0.178478
0.054295
0.247121
0.901813
0.982443
0.484109
0.144750
0.511667
0.993528
0.762569
0.966024
0.929881
0.236491
0.097522
0.409774
0.131173
0.754567
0.348103
0.449784
0.199335
0.736518
0.203367
0.768160
0.241280
0.613733
0.345772
0.722632
0.117223
0.180788
0.193864
0.360548
0.404394
0.225780
0.669057
0.957213
0.431665
0.803814
0.798189
0.995241
0.211804
0.329019
0.762342
0.756759
0.961277
0.569892
0.608506
0.365092
0.343548
0.599988
0.525629
0.484967
0.655650
0.038252
0.189923
0.928745
0.582980
0.015410
0.293675
0.045260
0.794732
0.711366
0.536361
0.586795
0.210947
0.413915
0.515821
0.838335
0.659911
0.481176
0.852765
0.481528
0.272296
0.731196
0.969469
0.375623
0.238600
0.242705
0.018939
0.982653
0.802620
0.563485
0.388829
0.652528
0.993708
0.713766
0.102367
0.447289
0.692795
0.332956
0.921749
0.632491
0.932185
0.000000
0.000000
0.425920
0.300490
0.889029
0.017374
0.148055
0.959162
0.714469
0.306467
0.828096
0.807892
0.909255
0.642813
0.628686
0.118471
0.918972
0.623981
0.257585
0.951304
0.046206
0.020927
0.088050
0.517843
0.878664
0.402179
0.561323
0.598156
0.075051
0.391490
0.354985
0.244789
0.108028
0.112289
0.267205
0.266392
0.936081
0.186177
0.507435
0.147594
0.920700
0.929461
0.136751
0.871569
0.012355
0.722036
0.878585
0.387447
0.246430
0.111724
0.846781
0.659659
0.779662
0.358563
0.184135
0.010180
0.085915
0.329467
0.300830
0.506571
0.386605
0.937296
0.159541
0.779710
0.177462
0.805293
0.562384
0.470075
0.359612
0.371774
0.382873
0.256307
0.972038
0.660565
0.505287
0.198021
0.104384
0.888413
0.362960
0.453714
0.064794
0.850762
0.279433
0.911920
0.059770
0.615966
0.563943
0.668270
0.335443
0.037794
0.285785
0.931249
0.799852
0.331075
0.737420
0.567440
0.016064
0.425515
0.029378
0.784177
0.980815
0.689944
0.000000
0.000000
0.779685
0.597979
0.284609
0.746255
0.693874
0.442523
0.419128
0.150771
0.540292
0.196360
0.749183
0.715660
0.704497
0.736287
0.656687
0.891096
0.491080
0.341777
0.962709
0.124944
0.208612
0.154970
0.807605
0.067367
0.490603
0.598418
0.365020
0.688559
0.856907
0.900638
0.951496
0.900047
0.006537
0.041932
0.870892
0.444401
0.442541
0.330599
0.939673
0.712841
0.938907
0.530956
0.021803
0.820391
0.287496
0.867380
0.860211
0.550632
0.457238
0.850024
0.347778
0.238461
0.050938
0.134958
0.578133
0.904369
0.771166
0.704143
0.422411
0.957857
0.755589
0.366003
0.550614
0.221429
0.255945
0.735253
0.315545
0.422405
0.748442
0.353089
0.446459
0.033935
0.728014
0.621376
0.125795
0.215456
0.308377
0.030952
0.201455
0.067430
0.000152
0.636429
0.802754
0.394338
0.262736
0.283828
0.713644
0.194145
0.580080
0.247472
0.935907
0.564557
0.879609
0.992676
0.946253
0.478376
0.124994
0.064156
0.386665
0.558246
0.000000
0.000000
0.922429
0.934308
0.824812
0.183582
0.393108
0.912782
0.534170
0.451462
0.285597
0.622774
0.181772
0.927146
0.713974
0.832368
0.496483
0.963217
0.843314
0.113898
0.936179
0.688364
0.307112
0.860655
0.948458
0.681841
0.563195
0.149974
0.986210
0.815024
0.912220
0.683966
0.303031
0.731797
0.276210
0.615239
0.294852
0.518275
0.738924
0.744021
0.403459
0.160928
0.022401
0.105879
0.931999
0.615549
0.633284
0.006687
0.214866
0.081003
0.161465
0.091804
0.134133
0.071796
0.268847
0.040067
0.744080
0.944833
0.221361
0.600565
0.436093
0.173561
0.194894
0.189121
0.929892
0.490544
0.796324
0.184799
0.227785
0.849808
0.494287
0.985739
0.172227
0.950103
0.382335
0.447633
0.359891
0.144467
0.816639
0.181711
0.832973
0.406296
0.421451
0.533254
0.430317
0.002421
0.664659
0.256788
0.591923
0.357850
0.548054
0.780689
0.558880
0.301692
0.460615
0.920918
0.886181
0.879474
0.970343
0.752305
0.015543
0.992342
0.000000
0.000000
0.455763
0.520498
0.088893
0.785105
0.717694
0.545402
0.744136
0.687323
0.611294
0.082342
0.377002
0.404970
0.687378
0.405015
0.554467
0.618265
0.417462
0.844879
0.551510
0.813150
0.315395
0.859363
0.217365
0.115356
0.085872
0.154633
0.802180
0.964472
0.196792
0.778050
0.026483
0.113879
0.186623
0.925405
0.549710
0.031173
0.876555
0.950212
0.482801
0.432901
0.619808
0.230256
0.700548
0.980993
0.163515
0.630785
0.641791
0.636527
0.987215
0.386914
0.261725
0.457809
0.114374
0.358105
0.785349
0.305116
0.730674
0.645078
0.839366
0.520610
0.381409
0.619245
0.604760
0.535555
0.730112
0.376313
0.121742
0.366922
0.810780
0.897704
0.346714
0.015903
0.028783
0.849642
0.939559
0.762706
0.965803
0.492718
0.554943
0.652237
0.973129
0.903730
0.025045
0.574323
0.729376
0.151670
0.049482
0.534939
0.039868
0.499980
0.210334
0.475991
0.654049
0.048973
0.858313
0.039508
0.640555
0.506435
0.577116
0.879055
0.000000
0.000000
0.184353
0.201457
0.131960
0.822207
0.735343
0.893488
0.159685
0.422292
0.628908
0.596781
0.295739
0.782024
0.381772
0.984771
0.205128
0.779750
0.845020
0.461285
0.679125
0.797155
0.235575
0.752230
0.920062
0.994638
0.882963
0.503402
0.005880
0.015086
0.095937
0.786960
0.553593
0.719519
0.228478
0.012692
0.120224
0.632978
0.015211
0.940266
0.999566
0.378219
0.895206
0.590050
0.835056
0.482346
0.059441
0.460336
0.318711
0.910160
0.897861
0.651168
0.246053
0.234025
0.548435
0.392823
0.754795
0.392573
0.265421
0.346891
0.934263
0.373853
0.482526
0.238215
0.531249
0.210122
0.295207
0.531986
0.507584
0.499121
0.911498
0.730343
0.899712
0.804925
0.447934
0.235006
0.067124
0.284199
0.431738
0.455124
0.979352
0.926906
0.597574
0.583680
0.113072
0.399200
0.942879
0.214325
0.170452
0.346885
0.620189
0.435735
0.415828
0.285196
0.905089
0.682778
0.104263
0.083478
0.013394
0.918762
0.367573
0.422025
0.000000
0.000000
0.575710
0.186023
0.022226
0.658001
0.458649
0.199989
0.196520
0.693574
0.747417
0.543334
0.525856
0.406714
0.556972
0.730631
0.293512
0.784555
0.075819
0.471680
0.399156
0.911112
0.428022
0.945084
0.404529
0.242497
0.872619
0.493988
0.423574
0.552366
0.248569
0.257159
0.209735
0.580623
0.835151
0.852660
0.643897
0.985008
0.978982
0.682626
0.785478
0.348798
0.780515
0.046397
0.352833
0.356998
0.129735
0.982246
0.415754
0.406485
0.782691
0.433204
0.576278
0.650468
0.033011
0.404012
0.958944
0.595520
0.933078
0.937041
0.755739
0.538914
0.824291
0.010747
0.746519
0.103035
0.048411
0.185691
0.472840
0.009636
0.858180
0.473490
0.149935
0.245455
0.056791
0.205245
0.465489
0.460975
0.351056
0.441003
0.329407
0.572097
0.992353
0.717851
0.360996
0.572729
0.380335
0.372083
0.424275
0.743127
0.360080
0.626489
0.852870
0.120025
0.174343
0.950628
0.977501
0.252005
0.284620
0.838286
0.802101
0.369961
0.000000
0.000000
0.362811
0.271741
0.259469
0.994394
0.046263
0.676333
0.501685
0.113288
0.461315
0.718631
0.960603
0.528900
0.935417
0.989587
0.465716
0.363796
0.090336
0.844204
0.413706
0.757358
0.554033
0.476240
0.266590
0.135277
0.077701
0.846593
0.337043
0.673994
0.104433
0.587366
0.114803
0.249345
0.414173
0.715467
0.869671
0.815428
0.232449
0.346335
0.960612
0.301313
0.154196
0.744436
0.282895
0.328839
0.001332
0.563914
0.444134
0.161363
0.703462
0.544031
0.254620
0.393111
0.244619
0.582689
0.052743
0.602293
0.039971
0.862410
0.343110
0.112233
0.593427
0.630077
0.781380
0.736514
0.791597
0.648711
0.911908
0.606076
0.736446
0.713252
0.689987
0.919870
0.969546
0.328926
0.094816
0.806533
0.682735
0.173247
0.481010
0.939338
0.138072
0.659654
0.194039
0.626484
0.620735
0.440977
0.658947
0.447152
0.851604
0.707325
0.428546
0.620197
0.641192
0.887750
0.993604
0.728354
0.505823
0.048929
0.108219
0.858296
0.000000
0.000000
0.915944
0.671660
0.462336
0.961390
0.079917
0.385913
0.016436
0.591907
0.568236
0.012271
0.589805
0.360217
0.025435
0.978580
0.132194
0.550577
0.863438
0.682541
0.034969
0.440198
0.439827
0.766112
0.999839
0.257466
0.885814
0.049722
0.331656
0.729554
0.498702
0.546660
0.224639
0.122981
0.485212
0.874042
0.641425
0.448237
0.137144
0.141159
0.982596
0.971884
0.428893
0.756039
0.558591
0.756654
0.975920
0.041874
0.351003
0.476648
0.174935
0.355905
0.888469
0.069153
0.092747
0.205804
0.615199
0.273432
0.747785
0.305726
0.765444
0.252886
0.671016
0.131914
0.942448
0.444583
0.357995
0.169801
0.499074
0.452166
0.066216
0.887882
0.907784
0.782654
0.471944
0.796142
0.875647
0.672252
0.070383
0.124472
0.425366
0.782666
0.589147
0.472136
0.033788
0.180074
0.931820
0.590764
0.506336
0.218439
0.952051
0.362260
0.458547
0.830810
0.790665
0.441023
0.624034
0.955508
0.663479
0.266491
0.723155
0.561078
0.000000
0.000000
0.972981
0.300873
0.497020
0.283954
0.074208
0.111397
0.075307
0.996192
0.599598
0.788968
0.861269
0.827068
0.936924
0.035853
0.139711
0.725442
0.872094
0.374103
0.216188
0.576010
0.025647
0.043505
0.933449
0.401652
0.784921
0.242629
0.608543
0.893184
0.629420
0.924147
0.995805
0.150090
0.024797
0.911264
0.147997
0.089943
0.715694
0.175014
0.159722
0.478932
0.948732
0.741070
0.672333
0.070345
0.306105
0.936833
0.856937
0.890847
0.588587
0.162586
0.176045
0.747564
0.945286
0.657980
0.543832
0.597653
0.234603
0.819768
0.788496
0.589060
0.436260
0.549739
0.352969
0.995791
0.364964
0.966174
0.024741
0.777839
0.440182
0.630500
0.314025
0.921815
0.223325
0.374486
0.308144
0.037822
0.605170
0.835864
0.588252
0.363455
0.139885
0.116534
0.981217
0.541692
0.086510
0.256096
0.209775
0.314610
0.903752
0.520696
0.162236
0.143612
0.064053
0.854645
0.974457
0.929025
0.409520
0.901611
0.484497
0.469674
0.000000
0.000000
0.167828
0.082858
0.633161
0.310979
0.466354
0.211069
0.001446
0.797611
0.368047
0.015138
0.714978
0.218579
0.688717
0.246007
0.266085
0.132071
0.344210
0.754390
0.889239
0.710436
0.246475
0.451389
0.931224
0.615668
0.258290
0.631103
0.695532
0.403660
0.193482
0.307074
0.692955
0.630360
0.249824
0.043422
0.531451
0.176201
0.521902
0.871282
0.613613
0.271432
0.854540
0.157460
0.259419
0.670580
0.225957
0.825967
0.324096
0.488387
0.763724
0.737676
0.636026
0.249141
0.734317
0.339505
0.302768
0.127142
0.010140
0.924929
0.910006
0.382148
0.701392
0.672342
0.127674
0.200969
0.902827
0.891836
0.377682
0.250193
0.602701
0.625451
0.019683
0.819733
0.517945
0.909434
0.118625
0.946149
0.927045
0.094805
0.415257
0.322862
0.846254
0.947950
0.729221
0.683850
0.641412
0.315883
0.732147
0.157648
0.760071
0.091910
0.967654
0.608966
0.894952
0.194147
0.988058
0.241315
0.223421
0.401998
0.780906
0.839212
0.000000
0.000000
0.409500
0.402401
0.771750
0.249125
0.865741
0.682186
0.977393
0.185524
0.216183
0.312922
0.752012
0.367737
0.604456
0.383435
0.550488
0.385442
0.665435
0.014714
0.813124
0.349856
0.715516
0.958894
0.507417
0.666168
0.429465
0.849499
0.654233
0.504258
0.368516
0.685249
0.099208
0.047647
0.869336
0.651867
0.610459
0.421946
0.503707
0.164141
0.093172
0.685325
0.142671
0.528712
0.003573
0.425058
0.224341
0.659942
0.503102
0.600057
0.200174
0.137401
0.023789
0.939543
0.695501
0.554233
0.295414
0.042632
0.853760
0.596682
0.018527
0.933191
0.009788
0.640956
0.788685
0.526503
0.291248
0.628329
0.425469
0.546370
0.190797
0.744489
0.212856
0.100122
0.896385
0.822337
0.882784
0.088124
0.700188
0.170224
0.833044
0.728057
0.775893
0.763495
0.057099
0.609848
0.898472
0.516131
0.506172
0.255617
0.971603
0.581124
0.968386
0.041438
0.188628
0.519760
0.640854
0.340731
0.648330
0.355438
0.850430
0.542805
0.000000
0.000000
0.673080
0.256573
0.121338
0.040606
0.887943
0.753187
0.802079
0.441406
0.075173
0.154230
0.247244
0.079226
0.853160
0.157177
0.616663
0.528450
0.191220
0.759751
0.614998
0.152064
0.454637
0.682098
0.281259
0.624863
0.941730
0.566803
0.693116
0.978586
0.899117
0.648480
0.982921
0.163815
0.509787
0.627348
0.800001
0.417769
0.054834
0.519144
0.134532
0.366974
0.696621
0.129584
0.785850
0.050309
0.815616
0.866939
0.196896
0.607394
0.996680
0.042374
0.138823
0.222954
0.583010
0.671106
0.723196
0.504439
0.644630
0.036369
0.193852
0.749546
0.308178
0.749052
0.852037
0.099355
0.597778
0.720602
0.568714
0.235110
0.910636
0.950620
0.516315
0.707088
0.798795
0.199689
0.106841
0.618575
0.022224
0.037562
0.115364
0.818697
0.376899
0.229156
0.368140
0.174540
0.774780
0.330031
0.315780
0.724587
0.584955
0.777756
0.359576
0.184733
0.573689
0.483095
0.421627
0.317325
0.972572
0.258223
0.567100
0.352067
0.000000
0.000000
0.312030
0.009398
0.668127
0.885688
0.421318
0.858580
0.947992
0.376107
0.203293
0.179169
0.306294
0.850312
0.525603
0.828442
0.106876
0.617142
0.566827
0.260936
0.002308
0.287255
0.821270
0.895115
0.995808
0.008438
0.732843
0.084617
0.633349
0.805086
0.829965
0.567221
0.260043
0.784532
0.169205
0.274258
0.004903
0.397561
0.026552
0.854699
0.204892
0.860351
0.056125
0.223512
0.045281
0.750992
0.698056
0.918788
0.908923
0.805524
0.999677
0.800766
0.322915
0.025145
0.732823
0.472787
0.392588
0.860014
0.057462
0.384545
0.141840
0.045681
0.697995
0.913512
0.383546
0.243111
0.907098
0.702018
0.895638
0.947974
0.936692
0.996787
0.396942
0.659936
0.822950
0.622367
0.700506
0.489515
0.508817
0.779713
0.040486
0.901007
0.732046
0.615783
0.755188
0.284467
0.206249
0.652186
0.928120
0.804574
0.350436
0.270188
0.744618
0.722992
0.856720
0.918819
0.269008
0.688152
0.617997
0.071553
0.188398
0.335569
0.000000
0.000000
0.311046
0.420204
0.087739
0.559868
0.667625
0.115302
0.315660
0.980796
0.885870
0.022758
0.863286
0.244994
0.433602
0.135376
0.215600
0.774729
0.087186
0.400378
0.590111
0.196524
0.696812
0.592969
0.464190
0.241155
0.412770
0.770494
0.035339
0.607550
0.079474
0.415376
0.985478
0.842648
0.052403
0.727518
0.114958
0.485381
0.868594
0.016704
0.818908
0.783874
0.193708
0.912844
0.683690
0.888394
0.712870
0.484892
0.833218
0.090746
0.025492
0.335728
0.486923
0.225363
0.554709
0.681148
0.834943
0.895873
0.437598
0.399655
0.440120
0.309626
0.446953
0.964390
0.462348
0.495992
0.021540
0.192285
0.898134
0.389292
0.102046
0.349699
0.178546
0.249091
0.640984
0.975754
0.920664
0.053807
0.903085
0.189999
0.992615
0.326500
0.227543
0.943711
0.810847
0.924444
0.718502
0.879257
0.865062
0.357425
0.136276
0.805780
0.681125
0.431387
0.947115
0.951173
0.032081
0.276167
0.067753
0.826949
0.396323
0.581177
0.000000
0.000000
0.343534
0.971210
0.603406
0.667641
0.863325
0.420087
0.073411
0.871397
0.694654
0.841425
0.676246
0.701402
0.895417
0.587414
0.325195
0.994851
0.207538
0.286253
0.833108
0.770248
0.200579
0.764766
0.615923
0.964267
0.503691
0.478702
0.585697
0.979592
0.349099
0.261003
0.589942
0.745385
0.081984
0.374956
0.087008
0.318151
0.453230
0.161081
0.059868
0.444865
0.285274
0.199178
0.509812
0.019478
0.830103
0.200386
0.426563
0.733088
0.526797
0.269299
0.767835
0.954412
0.117687
0.024888
0.422040
0.064384
0.125603
0.092418
0.232689
0.211193
0.609811
0.394527
0.726698
0.961298
0.750217
0.078740
0.867953
0.362771
0.797007
0.786387
0.331355
0.949991
0.828490
0.629130
0.295624
0.617005
0.988503
0.344009
0.239645
0.000397
0.909290
0.627540
0.786229
0.748716
0.616898
0.183402
0.843593
0.715993
0.651801
0.612807
0.873786
0.792677
0.724425
0.409154
0.997653
0.623809
0.353165
0.182723
0.320904
0.255607
0.000000
0.000000
0.941085
0.892907
0.988052
0.952472
0.874207
0.162244
0.146688
0.649803
0.790086
0.072302
0.244519
0.010707
0.232541
0.254855
0.912188
0.367547
0.038034
0.650832
0.816367
0.083750
0.011481
0.365615
0.412765
0.416021
0.463376
0.466007
0.548159
0.532691
0.507693
0.781091
0.289965
0.550502
0.574665
0.203892
0.555237
0.214116
0.549157
0.069770
0.860448
0.208383
0.238632
0.380585
0.287366
0.750523
0.318939
0.107370
0.806136
0.252058
0.503905
0.039851
0.624194
0.387442
0.308274
0.332050
0.931593
0.467990
0.000071
0.725781
0.399483
0.022924
0.637742
0.439352
0.591769
0.617985
0.454097
0.049085
0.719694
0.740093
0.404799
0.051413
0.948005
0.877387
0.827650
0.448637
0.884475
0.853718
0.647737
0.506783
0.076023
0.362407
0.231091
0.860181
0.634390
0.731457
0.156355
0.949647
0.400423
0.611387
0.798489
0.686370
0.000048
0.502658
0.985620
0.007004
0.040929
0.103423
0.603407
0.046190
0.421872
0.355863
0.000000
0.000000
0.697670
0.362978
0.324555
0.677476
0.583252
0.240455
0.374867
0.204735
0.258642
0.847314
0.427041
0.656983
0.531272
0.937019
0.333422
0.360912
0.746494
0.863929
0.022054
0.849524
0.807625
0.542783
0.433783
0.602437
0.335105
0.778107
0.096720
0.451955
0.761949
0.625833
0.001492
0.017172
0.456854
0.221564
0.371421
0.441232
0.060690
0.364042
0.376869
0.301240
0.918389
0.477351
0.180392
0.297038
0.829299
0.618124
0.663600
0.616203
0.261267
0.872499
0.005368
0.365255
0.591972
0.924839
0.458005
0.424208
0.654962
0.764236
0.379644
0.454069
0.643802
0.735155
0.633822
0.782944
0.034487
0.100862
0.041741
0.160518
0.835003
0.559434
0.172022
0.938799
0.542159
0.830258
0.317444
0.232739
0.701994
0.519784
0.286146
0.027673
0.152803
0.783923
0.518752
0.416823
0.108548
0.631428
0.126734
0.580644
0.184500
0.494911
0.335441
0.206849
0.105166
0.153633
0.873330
0.724371
0.003584
0.810415
0.245622
0.885937
0.000000
0.000000
0.839281
0.355567
0.315247
0.154186
0.388423
0.305440
0.821176
0.279882
0.851454
0.195285
0.355002
0.345976
0.585631
0.456251
0.038449
0.380016
0.546487
0.068258
0.213226
0.771898
0.630379
0.808721
0.021490
0.011757
0.398797
0.209696
0.587915
0.822722
0.749076
0.929145
0.524546
0.538645
0.667294
0.871261
0.181325
0.699107
0.188910
0.199816
0.770966
0.529896
0.004715
0.955361
0.877279
0.872309
0.494025
0.531102
0.032261
0.750157
0.758352
0.583563
0.370117
0.492000
0.527182
0.448724
0.142401
0.652744
0.674670
0.749763
0.305926
0.804348
0.299967
0.274087
0.270485
0.763491
0.318575
0.357004
0.675482
0.033538
0.150023
0.421550
0.212894
0.760072
0.643306
0.839647
0.207796
0.438348
0.732120
0.104752
0.444565
0.490553
0.694426
0.930808
0.155151
0.052681
0.608676
0.242941
0.558302
0.678501
0.466505
0.658405
0.808349
0.856439
0.710878
0.263334
0.296107
0.185845
0.599377
0.778297
0.095766
0.409976
0.000000
0.000000
0.631246
0.765313
0.515607
0.046789
0.440640
0.781269
0.991146
0.849279
0.059986
0.766725
0.724907
0.754683
0.201431
0.323839
0.597079
0.977114
0.451428
0.496305
0.971656
0.763005
0.979765
0.202831
0.031669
0.158148
0.719703
0.777282
0.644958
0.338065
0.654652
0.045656
0.867485
0.102962
0.946969
0.379498
0.134521
0.312880
0.898684
0.780790
0.193041
0.173941
0.893316
0.770765
0.792117
0.213558
0.193373
0.646739
0.111287
0.505913
0.684922
0.157028
0.373375
0.808372
0.909322
0.160690
0.737948
0.555696
0.187857
0.690014
0.299816
0.632268
0.235784
0.489343
0.758264
0.620207
0.247775
0.653208
0.330786
0.119203
0.656856
0.947320
0.841154
0.146388
0.687493
0.664213
0.510489
0.434722
0.383588
0.842294
0.250835
0.291480
0.560969
0.626664
0.449719
0.864425
0.953957
0.816527
0.720063
0.122042
0.082954
0.839123
0.350551
0.905637
0.577891
0.051087
0.215654
0.146685
0.416301
0.877558
0.092959
0.929845
0.000000
0.000000
0.935838
0.265358
0.035679
0.466467
0.584380
0.726743
0.333494
0.063682
0.891637
0.828963
0.372950
0.765463
0.437401
0.518272
0.560189
0.245506
0.128305
0.610483
0.613568
0.234931
0.857610
0.115305
0.882515
0.388909
0.299822
0.752914
0.265170
0.525548
0.229235
0.056386
0.827781
0.115814
0.541923
0.624684
0.000376
0.163615
0.009517
0.753001
0.703710
0.356341
0.670412
0.090995
0.822655
0.423220
0.101588
0.097589
0.106357
0.618699
0.200987
0.423198
0.809022
0.328916
0.273350
0.818829
0.206466
0.654567
0.576013
0.563713
0.314677
0.145664
0.130217
0.842667
0.474612
0.231697
0.781042
0.682424
0.161219
0.141194
0.668743
0.658733
0.643806
0.186788
0.822098
0.613746
0.932222
0.661416
0.249203
0.046692
0.037141
0.718269
0.243418
0.145676
0.043955
0.808830
0.840724
0.229517
0.747839
0.281947
0.338252
0.329206
0.066634
0.077153
0.494832
0.376097
0.416587
0.619685
0.663530
0.635509
0.340202
0.744755
0.000000
0.000000
0.695506
0.586577
0.882742
0.957209
0.860079
0.320362
0.663588
0.905633
0.685411
0.999125
0.499394
0.272900
0.693410
0.995013
0.210378
0.415731
0.162008
0.249722
0.393708
0.340167
0.928525
0.452724
0.526567
0.501154
0.810326
0.804838
0.117821
0.618350
0.772728
0.284838
0.269120
0.466116
0.371250
0.479241
0.438208
0.255226
0.141138
0.266172
0.348484
0.252522
0.017718
0.450747
0.904582
0.657065
0.143432
0.258497
0.791265
0.727380
0.823119
0.936303
0.191172
0.526944
0.280610
0.408387
0.239853
0.357556
0.164321
0.002530
0.406658
0.279618
0.177276
0.585658
0.721518
0.721261
0.508586
0.325926
0.454838
0.296881
0.683027
0.924728
0.291746
0.475994
0.391544
0.318896
0.400186
0.877593
0.953160
0.004383
0.601428
0.785578
0.638507
0.117015
0.710513
0.097750
0.584766
0.847565
0.230725
0.195988
0.037828
0.827547
0.028262
0.367239
0.174811
0.504073
0.495986
0.864881
0.571140
0.171016
0.908353
0.663638
0.000000
0.000000
0.502689
0.822085
0.287697
0.880965
0.531438
0.092594
0.483544
0.321797
0.543081
0.956704
0.367524
0.026461
0.739511
0.324885
0.665287
0.497846
0.857685
0.748632
0.397916
0.514114
0.583756
0.508244
0.733871
0.728590
0.194130
0.454893
0.518616
0.149086
0.781940
0.165433
0.495224
0.259175
0.621759
0.457112
0.255456
0.534401
0.091621
0.561533
0.852200
0.727491
0.538698
0.671617
0.860683
0.551928
0.910683
0.556750
0.858338
0.452763
0.160616
0.237215
0.611743
0.433722
0.607155
0.236656
0.933525
0.703409
0.675635
0.393636
0.647504
0.449255
0.989972
0.093615
0.468374
0.693682
0.941818
0.631512
0.617116
0.643529
0.151533
0.244668
0.550142
0.241308
0.504064
0.801252
0.663515
0.036773
0.208030
0.403123
0.918238
0.607991
0.218300
0.348916
0.267919
0.385386
0.878275
0.555025
0.324908
0.648536
0.610404
0.088963
0.366805
0.939952
0.922814
0.260857
0.264573
0.780331
0.401908
0.886456
0.452187
0.496989
0.000000
0.000000
0.372962
0.381710
0.458086
0.717785
0.729951
0.336132
0.464298
0.377706
0.063950
0.982702
0.596293
0.450137
0.972011
0.688654
0.487983
0.357346
0.431488
0.206195
0.544850
0.957502
0.187005
0.770205
0.837381
0.908314
0.630663
0.593594
0.772603
0.273069
0.008238
0.268419
0.533855
0.225141
0.912491
0.112739
0.266342
0.479796
0.660934
0.835947
0.634713
0.806841
0.572420
0.491711
0.801514
0.441051
0.048870
0.987460
0.749249
0.578645
0.334167
0.593352
0.901644
0.842945
0.868416
0.103637
0.787311
0.405961
0.306967
0.026520
0.710456
0.843628
0.049888
0.245631
0.950157
0.110080
0.957975
0.345386
0.880448
0.276030
0.714449
0.049716
0.107254
0.858991
0.424279
0.562526
0.732725
0.960883
0.059135
0.119566
0.130800
0.802721
0.160171
0.525530
0.708592
0.990396
0.610435
0.291582
0.550880
0.540711
0.900516
0.070929
0.983752
0.905694
0.938993
0.671860
0.726554
0.093370
0.135473
0.810643
0.845293
0.102972
0.000000
0.000000
0.755897
0.321174
0.238238
0.839600
0.421444
0.659959
0.035779
0.740803
0.997567
0.384147
0.529257
0.784164
0.162201
0.901420
0.310288
0.679309
0.459185
0.664184
0.682898
0.242329
0.543730
0.164230
0.906589
0.572722
0.845281
0.975702
0.796368
0.554124
0.873106
0.267553
0.941065
0.990263
0.917370
0.037202
0.585980
0.421007
0.045529
0.925214
0.751346
0.060399
0.722134
0.286332
0.964474
0.149331
0.597203
0.465169
0.411336
0.880489
0.224888
0.542962
0.947602
0.653341
0.034097
0.388856
0.873919
0.388312
0.746907
0.741106
0.229778
0.923802
0.172041
0.830253
0.410845
0.770337
0.340022
0.891335
0.855426
0.131903
0.682366
0.149580
0.410368
0.549948
0.551803
0.772998
0.740750
0.907675
0.463715
0.400803
0.943901
0.095615
0.558748
0.317395
0.944771
0.618902
0.464386
0.879032
0.732685
0.589215
0.100644
0.021878
0.084297
0.455153
0.188319
0.075126
0.329067
0.227287
0.337171
0.552447
0.968311
0.227230
0.000000
0.000000
0.400146
0.990771
0.462019
0.984530
0.498440
0.988004
0.538099
0.132896
0.339203
0.729008
0.415644
0.924721
0.070292
0.379396
0.565159
0.756592
0.733666
0.381245
0.904656
0.193021
0.890348
0.258176
0.413657
0.003279
0.545836
0.345007
0.645588
0.932185
0.587708
0.260603
0.899946
0.017246
0.227921
0.716858
0.099628
0.717018
0.239581
0.412839
0.289440
0.151618
0.309802
0.633439
0.022592
0.624160
0.200189
0.397056
0.465831
0.798358
0.221004
0.382386
0.906787
0.123876
0.045057
0.689604
0.298121
0.996560
0.183932
0.555147
0.591298
0.499037
0.462560
0.152769
0.258559
0.722380
0.996347
0.555310
0.643679
0.680807
0.952810
0.366399
0.469222
0.128540
0.079807
0.544008
0.672307
0.843507
0.598325
0.062401
0.737646
0.153585
0.085107
0.049007
0.080403
0.213290
0.388538
0.287982
0.149711
0.633817
0.113691
0.734481
0.890022
0.442910
0.408086
0.413853
0.878702
0.527216
0.127744
0.211536
0.168248
0.354724
0.000000
0.000000
0.364559
0.551677
0.131342
0.710388
0.354988
0.647080
0.425283
0.757335
0.242964
0.188444
0.152736
0.991214
0.974719
0.922101
0.451303
0.201801
0.375567
0.743166
0.901101
0.860453
0.973289
0.151505
0.123158
0.193804
0.257629
0.728177
0.223366
0.597042
0.174089
0.575221
0.458983
0.882938
0.006502
0.367411
0.162737
0.076292
0.901151
0.427892
0.546477
0.087037
0.588896
0.407885
0.612578
0.040347
0.047968
0.457422
0.819527
0.698852
0.549945
0.200926
0.637987
0.045330
0.720746
0.424304
0.515791
0.911281
0.749634
0.962075
0.757375
0.438088
0.455497
0.511583
0.233610
0.439687
0.144218
0.523388
0.403795
0.054964
0.364322
0.098576
0.609969
0.223401
0.580666
0.330510
0.746495
0.781607
0.119135
0.430989
0.145344
0.099509
0.513675
0.185055
0.725277
0.038609
0.175247
0.848634
0.829909
0.203962
0.487528
0.535436
0.195502
0.914187
0.282773
0.951048
0.683168
0.617910
0.548732
0.777954
0.233193
0.116576
0.000000
0.000000
0.353428
0.099620
0.380837
0.977993
0.614111
0.575922
0.449713
0.445774
0.407442
0.898586
0.416342
0.680156
0.035956
0.178071
0.093909
0.125196
0.188529
0.465441
0.171773
0.521054
0.675291
0.868890
0.756937
0.984232
0.219840
0.172999
0.922728
0.898937
0.377197
0.137199
0.142254
0.006772
0.807930
0.824806
0.914956
0.348943
0.456638
0.645615
0.673504
0.975907
0.613359
0.927750
0.928172
0.997718
0.268294
0.946144
0.112128
0.869964
0.109511
0.898298
0.635193
0.600994
0.468422
0.513905
0.544773
0.690247
0.563029
0.203873
0.375177
0.630856
0.515162
0.128802
0.829810
0.839441
0.323476
0.158390
0.857178
0.317448
0.269635
0.860606
0.801220
0.262470
0.898853
0.125889
0.856531
0.824722
0.453873
0.128094
0.082199
0.174168
0.727455
0.486973
0.506925
0.919943
0.215467
0.135851
0.441895
0.222084
0.236069
0.275397
0.138119
0.176380
0.372320
0.986729
0.858851
0.733991
0.589775
0.238835
0.242430
0.018924
0.000000
0.000000
0.816261
0.712925
0.774855
0.295749
0.798322
0.508615
0.117903
0.876170
0.205440
0.291950
0.290844
0.875444
0.160987
0.722810
0.805566
0.741832
0.792085
0.697821
0.778401
0.365185
0.909672
0.553157
0.856432
0.957511
0.805097
0.417961
0.602931
0.523061
0.608298
0.175605
0.518055
0.496826
0.846213
0.572806
0.176046
0.129696
0.657252
0.213118
0.445418
0.745189
0.665510
0.299396
0.772555
0.355395
0.090120
0.727179
0.716518
0.081067
0.736509
0.083746
0.891691
0.888089
0.569339
0.847043
0.126624
0.204711
0.049470
0.692382
0.293286
0.747850
0.534739
0.327923
0.921022
0.828465
0.522990
0.122679
0.092340
0.672961
0.710431
0.980868
0.962349
0.402068
0.186915
0.389354
0.885119
0.595220
0.628196
0.960662
0.239762
0.318027
0.286204
0.918012
0.808547
0.977465
0.173099
0.805188
0.364400
0.561876
0.288411
0.718680
0.328519
0.676989
0.833545
0.042501
0.964167
0.132197
0.136864
0.652430
0.330120
0.977635
0.000000
0.000000
0.663341
0.915637
0.144173
0.104044
0.939679
0.734526
0.023260
0.108073
0.107345
0.281817
0.862780
0.109755
0.574089
0.921953
0.978371
0.904401
0.050672
0.412456
0.311648
0.423227
0.914799
0.284658
0.574951
0.806544
0.718628
0.901144
0.055391
0.860098
0.007755
0.717890
0.710901
0.175537
0.869655
0.156562
0.911964
0.233808
0.686059
0.639899
0.157594
0.289686
0.198522
0.931812
0.540734
0.952564
0.217463
0.645033
0.786224
0.400258
0.836795
0.163050
0.203313
0.343980
0.249130
0.345701
0.986380
0.623951
0.596264
0.577292
0.403034
0.545446
0.777425
0.470403
0.088387
0.933904
0.043598
0.648696
0.733023
0.093224
0.785547
0.924824
0.564250
0.454247
0.793536
0.283779
0.992102
0.985979
0.536180
0.894398
0.235551
0.478506
0.907567
0.663745
0.435754
0.853989
0.396035
0.468605
0.449999
0.323984
0.870819
0.883295
0.343010
0.953921
0.309728
0.931514
0.161898
0.952939
0.878519
0.507171
0.018244
0.778155
0.000000
0.000000
0.359457
0.848549
0.433062
0.605782
0.377580
0.721410
0.316173
0.949351
0.849746
0.775598
0.299517
0.872699
0.375083
0.798420
0.816787
0.999013
0.045089
0.236803
0.430906
0.847240
0.386435
0.122807
0.915262
0.182328
0.590777
0.812350
0.261161
0.985808
0.441257
0.225261
0.184719
0.698240
0.875195
0.768964
0.261435
0.985706
0.044184
0.344146
0.673185
0.056734
0.054571
0.564865
0.650946
0.237028
0.626916
0.530038
0.514284
0.701628
0.373691
0.614033
0.307287
0.092897
0.662921
0.028575
0.384545
0.072052
0.291918
0.213160
0.721997
0.705025
0.715120
0.361223
0.546470
0.357832
0.940956
0.444792
0.110819
0.865122
0.035555
0.223264
0.137963
0.302575
0.254192
0.731184
0.637686
0.975245
0.331082
0.420691
0.480426
0.909834
0.572125
0.424836
0.454418
0.951208
0.582946
0.391435
0.558078
0.986554
0.783623
0.088222
0.378498
0.769505
0.199408
0.353076
0.217679
0.003305
0.191625
0.450239
0.681829
0.468066
0.000000
0.000000
0.128376
0.803684
0.075973
0.123078
0.871057
0.685440
0.511908
0.616499
0.832547
0.010568
0.522007
0.383859
0.058756
0.714305
0.778116
0.716650
0.119850
0.323630
0.866184
0.675169
0.239316
0.028475
0.263856
0.748558
0.430818
0.950183
0.084484
0.016428
0.614610
0.213516
0.753660
0.712053
0.406530
0.242931
0.529312
0.792373
0.771542
0.372952
0.436001
0.986685
0.896192
0.735465
0.220711
0.069136
0.088590
0.262430
0.151458
0.364140
0.681044
0.102128
0.887078
0.467242
0.534878
0.081118
0.138554
0.032083
0.273420
0.760617
0.938730
0.015316
0.064294
0.667291
0.562792
0.236515
0.892676
0.461609
0.605184
0.314501
0.134871
0.928123
0.957911
0.989271
0.222674
0.367960
0.713168
0.029266
0.596404
0.347655
0.444995
0.146103
0.176703
0.582891
0.419112
0.302615
0.454971
0.403890
0.892284
0.420590
0.740937
0.267468
0.244247
0.165360
0.607166
0.615072
0.927510
0.958222
0.801808
0.612655
0.888404
0.518880
0.000000
0.000000
0.463331
0.246202
0.757983
0.594863
0.004873
0.653198
0.955331
0.498737
0.604601
0.713503
0.062977
0.182440
0.878018
0.785639
0.938705
0.300211
0.857207
0.817726
0.830411
0.435451
0.540584
0.913597
0.597723
0.006871
0.272339
0.137467
0.708700
0.041507
0.436744
0.680357
0.551741
0.177940
0.085545
0.186772
0.368764
0.931090
0.696638
0.166343
0.773501
0.413202
0.708613
0.332137
0.551058
0.996468
0.667182
0.888950
0.358258
0.434015
0.733049
0.994529
0.476645
0.331558
0.605345
0.773158
0.385647
0.203863
0.386674
0.065032
0.432319
0.689734
0.506562
0.716917
0.301217
0.706008
0.915207
0.705798
0.133123
0.665466
0.375565
0.502442
0.399009
0.960435
0.115674
0.561219
0.467226
0.158937
0.525198
0.319740
0.781342
0.062934
0.622343
0.637054
0.081105
0.846314
0.861936
0.758724
0.937734
0.647618
0.996027
0.736216
0.057479
0.009345
0.830913
0.335008
0.268972
0.108301
0.181664
0.383805
0.837104
0.761702
0.000000
0.000000
0.987245
0.711001
0.344843
0.537592
0.744183
0.929393
0.128400
0.220987
0.328012
0.338135
0.867305
0.675717
0.016983
0.517439
0.512296
0.396039
0.920710
0.991757
0.554696
0.570801
0.232130
0.798207
0.237841
0.573311
0.619432
0.453728
0.754413
0.565870
0.777865
0.734193
0.965407
0.763001
0.566860
0.599695
0.591279
0.961648
0.441617
0.692481
0.235857
0.770613
0.160001
0.078655
0.310656
0.324245
0.176900
0.246012
0.991839
0.611304
0.483004
0.244266
0.973911
0.715416
0.698390
0.174839
0.470388
0.805090
0.109709
0.795011
0.868028
0.097349
0.065845
0.060283
0.455030
0.879422
0.347853
0.436686
0.131200
0.653399
0.537491
0.729113
0.132127
0.894200
0.457947
0.100627
0.401038
0.868277
0.957447
0.021395
0.944959
0.921909
0.610962
0.490169
0.444751
0.396819
0.151912
0.870169
0.485674
0.859897
0.728215
0.542568
0.630758
0.269076
0.591812
0.866305
0.925545
0.951120
0.066704
0.946138
0.496633
0.068027
0.000000
0.000000
0.153642
0.296073
0.168749
0.735195
0.879697
0.851423
0.672029
0.798496
0.100480
0.522669
0.058688
0.813646
0.345685
0.828924
0.724963
0.337294
0.211464
0.339840
0.459292
0.528747
0.401206
0.751922
0.026939
0.374649
0.186681
0.371982
0.330848
0.018512
0.685231
0.672338
0.833036
0.436388
0.635741
0.665115
0.355773
0.318535
0.689773
0.026314
0.939921
0.626543
0.135101
0.938513
0.467858
0.933204
0.973247
0.284362
0.538809
0.012575
0.157151
0.351647
0.773127
0.320201
0.553478
0.380122
0.750210
0.985073
0.447117
0.074627
0.100438
0.336226
0.292209
0.916975
0.504762
0.579224
0.051684
0.266767
0.782877
0.538028
0.939762
0.537610
0.412949
0.964089
0.599124
0.941266
0.761007
0.110870
0.285133
0.212597
0.414766
0.501671
0.841204
0.779606
0.583654
0.518982
0.299080
0.690152
0.627909
0.776412
0.867994
0.026446
0.615516
0.198292
0.864764
0.928200
0.847255
0.038806
0.527220
0.363823
0.070128
0.248258
0.000000
0.000000
0.059064
0.231343
0.935440
0.806716
0.038068
0.968146
0.930047
0.045923
0.329520
0.716521
0.031458
0.242843
0.306536
0.833999
0.521829
0.115485
0.139302
0.404541
0.159314
0.944453
0.129840
0.227778
0.026746
0.890789
0.720900
0.204048
0.340586
0.596290
0.612485
0.065747
0.176573
0.173450
0.856475
0.579538
0.201831
0.675428
0.099469
0.004112
0.561702
0.356471
0.431978
0.274073
0.505807
0.262960
0.005824
0.925010
0.494493
0.221063
0.885053
0.120335
0.531993
0.170326
0.965588
0.945126
0.491663
0.167259
0.710888
0.756771
0.479871
0.836508
0.837080
0.570325
0.783084
0.475748
0.777664
0.895995
0.956421
0.131302
0.626415
0.749588
0.190879
0.443757
0.291998
0.436021
0.679946
0.252995
0.872142
0.536203
0.912387
0.465915
0.373135
0.693489
0.756916
0.908452
0.062301
0.783457
0.167870
0.832849
0.129460
0.492048
0.839370
0.578569
0.275630
0.362343
0.534342
0.938207
0.283312
0.639808
0.037742
0.757198
0.000000
0.000000
0.187403
0.509629
0.592036
0.239064
0.485816
0.920620
0.362533
0.063540
0.606514
0.174103
0.631263
0.356818
0.691072
0.055032
0.326878
0.612816
0.982823
0.454661
0.253328
0.037222
0.564770
0.045709
0.937787
0.453920
0.869659
0.927040
0.681522
0.357243
0.801645
0.576258
0.680264
0.582427
0.909062
0.898367
0.456335
0.182168
0.327846
0.023789
0.007171
0.803532
0.242549
0.792569
0.799000
0.205029
0.491708
0.850047
0.625678
0.214782
0.972774
0.536885
0.834641
0.815554
0.554828
0.428528
0.292306
0.802653
0.988765
0.508386
0.190799
0.541161
0.248695
0.391546
0.206597
0.785773
0.473173
0.472986
0.718192
0.128005
0.950803
0.734840
0.618638
0.561630
0.227763
0.885068
0.514032
0.418641
0.775304
0.697214
0.990275
0.592911
0.156334
0.130790
0.170357
0.066020
0.375279
0.726359
0.389104
0.036016
0.005654
0.656161
0.752658
0.067614
0.339271
0.497392
0.311824
0.672019
0.808391
0.676905
0.930723
0.638918
0.000000
0.000000
0.572912
0.990677
0.054552
0.085061
0.961251
0.405432
0.685280
0.406041
0.994992
0.837892
0.245992
0.416477
0.369977
0.791801
0.032109
0.796476
0.034056
0.018465
0.447451
0.837516
0.795998
0.936869
0.201312
0.862681
0.255805
0.059681
0.968680
0.065506
0.229541
0.033078
0.127822
0.680035
0.028296
0.851904
0.282222
0.421990
0.653313
0.921595
0.292350
0.966801
0.779415
0.086315
0.178892
0.190304
0.099180
0.909900
0.048425
0.910024
0.122042
0.353663
0.231771
0.560725
0.573309
0.302769
0.773449
0.013865
0.267161
0.932078
0.838306
0.022883
0.965607
0.397913
0.515229
0.731655
0.553231
0.983242
0.534354
0.641311
0.336625
0.982334
0.886031
0.106710
0.620319
0.871125
0.588828
0.765590
0.747788
0.126251
0.636740
0.903567
0.333756
0.490888
0.225384
0.764011
0.404792
0.960108
0.612395
0.353583
0.208463
0.076715
0.585291
0.263760
0.583717
0.036906
0.896514
0.175271
0.720940
0.118599
0.476791
0.742697
0.000000
0.000000
0.533551
0.635104
0.957403
0.243036
0.628839
0.746148
0.852528
0.670857
0.968776
0.002866
0.079964
0.567705
0.337405
0.607000
0.124434
0.581614
0.868004
0.130700
0.363704
0.089057
0.182737
0.612702
0.926602
0.738208
0.005247
0.453466
0.552925
0.360648
0.025072
0.672116
0.677363
0.378475
0.434442
0.532949
0.051928
0.231414
0.426072
0.142783
0.988125
0.848091
0.928071
0.872468
0.394604
0.377015
0.025739
0.774744
0.352195
0.198064
0.689376
0.212043
0.111490
0.942470
0.855164
0.862779
0.125874
0.229491
0.844391
0.806825
0.276474
0.311238
0.380604
0.418477
0.065933
0.947149
0.790257
0.652143
0.975280
0.130745
0.515836
0.531822
0.131869
0.644133
0.407307
0.691721
0.695269
0.301760
0.832079
0.770458
0.986868
0.612175
0.365638
0.150739
0.975700
0.706264
0.766586
0.177362
0.240518
0.904488
0.733798
0.874674
0.267735
0.851825
0.828338
0.879550
0.053751
0.251030
0.853770
0.952942
0.131588
0.300879
0.000000
0.000000
0.051909
0.546442
0.436695
0.196771
0.204636
0.090150
0.004521
0.187126
0.651350
0.595724
0.942288
0.640203
0.449175
0.376823
0.008790
0.216686
0.443192
0.339368
0.140141
0.088411
0.003731
0.797665
0.293663
0.711352
0.443497
0.296089
0.262062
0.275242
0.073701
0.792192
0.300425
0.050337
0.336092
0.862364
0.151861
0.309546
0.530871
0.539323
0.794498
0.060768
0.842683
0.931039
0.759259
0.118356
0.125964
0.300002
0.376688
0.656218
0.846684
0.778509
0.698830
0.478729
0.392182
0.549188
0.595028
0.059621
0.919210
0.482581
0.073583
0.342805
0.540716
0.605088
0.776785
0.661482
0.655713
0.577820
0.287446
0.777320
0.521644
0.470604
0.123603
0.841853
0.155352
0.766640
0.048018
0.763590
0.350508
0.459881
0.048536
0.293304
0.745346
0.926029
0.752651
0.145213
0.346983
0.893750
0.141770
0.851188
0.477535
0.926000
0.541409
0.528101
0.842076
0.179646
0.276169
0.156309
0.784109
0.613586
0.631053
0.731303
0.000000
0.000000
0.118358
0.973976
0.124467
0.901713
0.079207
0.874109
0.604860
0.847550
0.715178
0.959884
0.193623
0.075144
0.084132
0.961059
0.965241
0.932282
0.686907
0.138293
0.647750
0.407493
0.703503
0.224709
0.995600
0.101385
0.818112
0.685841
0.395170
0.891402
0.382263
0.445986
0.872385
0.885029
0.207788
0.795843
0.691430
0.620176
0.404717
0.146061
0.046498
0.245683
0.172979
0.260139
0.956673
0.608925
0.608559
0.250579
0.785001
0.011285
0.123473
0.643597
0.901492
0.385267
0.767316
0.888130
0.075966
0.352615
0.963996
0.560735
0.849555
0.851781
0.723876
0.945934
0.696686
0.067211
0.290057
0.197185
0.157381
0.296113
0.257478
0.216348
0.526026
0.320890
0.284681
0.076490
0.885090
0.137596
0.666252
0.001270
0.890024
0.498328
0.937377
0.016957
0.697272
0.778320
0.652488
0.551584
0.517398
0.404963
0.540615
0.273652
0.155228
0.882463
0.187970
0.435804
0.363054
0.881024
0.801243
0.005954
0.589547
0.406781
0.000000
0.000000
0.030944
0.432383
0.413212
0.885450
0.226750
0.974680
0.509849
0.821521
0.203635
0.191931
0.889821
0.732504
0.752261
0.403901
0.721783
0.416836
0.986591
0.539053
0.423707
0.070978
0.845702
0.657471
0.367304
0.699711
0.273577
0.144950
0.304750
0.111916
0.983206
0.810816
0.467765
0.380410
0.692456
0.104777
0.028393
0.199129
0.263503
0.987383
0.206642
0.053522
0.086143
0.358084
0.834598
0.029031
0.132812
0.186358
0.950512
0.996888
0.950536
0.959412
0.226754
0.260475
0.383672
0.875622
0.959102
0.630670
0.278622
0.093016
0.202281
0.743577
0.681693
0.529430
0.837446
0.466297
0.322374
0.587255
0.639543
0.017487
0.036738
0.055137
0.063984
0.071373
0.964775
0.083156
0.455265
0.956196
0.508636
0.210308
0.998453
0.969911
0.673148
0.076506
0.211693
0.045758
0.505710
0.950160
0.577561
0.439446
0.602004
0.214546
0.672567
0.323858
0.634143
0.355581
0.152582
0.084486
0.738799
0.837413
0.367474
0.127048
0.000000
0.000000
0.073328
0.892217
0.234806
0.767200
0.487062
0.796428
0.308605
0.508593
0.807122
0.750313
0.861751
0.553295
0.795643
0.949861
0.745838
0.061983
0.190352
0.746451
0.109225
0.976739
0.773326
0.994299
0.317272
0.733974
0.815520
0.415412
0.446648
0.576177
0.762675
0.618940
0.314783
0.801594
0.763227
0.245735
0.507473
0.147019
0.129699
0.660655
0.073231
0.201564
0.850747
0.595795
0.677312
0.964955
0.805442
0.751057
0.798440
0.273873
0.412874
0.273422
0.214854
0.284611
0.684535
0.434761
0.559762
0.200732
0.609906
0.788695
0.061430
0.988984
0.621534
0.974383
0.854680
0.039348
0.445476
0.323216
0.154960
0.873993
0.352136
0.399799
0.911125
0.398178
0.474933
0.894121
0.687510
0.659993
0.774743
0.808550
0.317969
0.009546
0.914243
0.097526
0.864318
0.957797
0.865014
0.673897
0.556164
0.451354
0.329943
0.087931
0.331577
0.847956
0.081606
0.139916
0.287279
0.828024
0.554792
0.320373
0.779676
0.877420
0.000000
0.000000
0.570818
0.559481
0.710703
0.332126
0.937676
0.117470
0.794218
0.329919
0.114577
0.549509
0.650744
0.613114
0.751877
0.162625
0.773012
0.771451
0.854648
0.542695
0.594335
0.263134
0.495747
0.991421
0.134565
0.330673
0.015132
0.810350
0.727601
0.801017
0.400157
0.819352
0.692175
0.915341
0.641535
0.661277
0.013460
0.863605
0.188148
0.264671
0.181177
0.539712
0.518635
0.700867
0.784575
0.255524
0.915122
0.327591
0.176565
0.228905
0.139539
0.574747
0.642184
0.249031
0.590220
0.360686
0.719582
0.335574
0.478018
0.223835
0.424421
0.621795
0.091272
0.149159
0.149530
0.088774
0.677969
0.552867
0.805899
0.400019
0.573946
0.271664
0.606501
0.913091
0.571814
0.985231
0.018079
0.460842
0.503893
0.714161
0.690597
0.992692
0.268804
0.551105
0.059095
0.251511
0.538184
0.487700
0.304410
0.140911
0.342090
0.839039
0.629968
0.246026
0.478514
0.993113
0.726588
0.029171
0.552705
0.638715
0.378151
0.255088
0.000000
0.000000
0.558287
0.754724
0.096429
0.417147
0.496841
0.858456
0.595266
0.639509
0.058390
0.485091
0.128934
0.672738
0.767018
0.123055
0.718137
0.683379
0.033664
0.929970
0.531313
0.203365
0.570212
0.689304
0.264520
0.434131
0.781390
0.923350
0.394040
0.390019
0.666084
0.954650
0.918579
0.368404
0.562902
0.800391
0.898317
0.924290
0.413090
0.203265
0.200032
0.002759
0.983551
0.920472
0.776118
0.794333
0.551650
0.711417
0.062613
0.061649
0.606379
0.246812
0.001836
0.766192
0.425431
0.989564
0.070252
0.124508
0.968415
0.877223
0.240369
0.515920
0.078773
0.635601
0.616206
0.679456
0.839603
0.768685
0.054640
0.081987
0.543017
0.322120
0.244383
0.022326
0.170627
0.950953
0.338382
0.497872
0.370201
0.661229
0.465686
0.892728
0.259551
0.680290
0.530949
0.046206
0.678195
0.298320
0.105341
0.467518
0.682295
0.779982
0.827625
0.428072
0.504308
0.634222
0.726703
0.412961
0.356316
0.321548
0.462441
0.664048
0.000000
0.000000
0.645998
0.343888
0.589383
0.846689
0.177941
0.296553
0.045810
0.799978
0.796095
0.395710
0.319934
0.991886
0.550914
0.014579
0.859177
0.593809
0.861371
0.777050
0.104903
0.394196
0.975986
0.510490
0.393470
0.555267
0.975436
0.447889
0.864078
0.142927
0.095677
0.347730
0.072753
0.544440
0.965396
0.281173
0.080136
0.145802
0.163046
0.538578
0.468961
0.265314
0.674539
0.124545
0.251766
0.589170
0.351098
0.522774
0.335171
0.023535
0.401680
0.504683
0.129589
0.612969
0.963456
0.089657
0.308662
0.529214
0.447415
0.939963
0.721104
0.737883
0.639132
0.035314
0.641615
0.318591
0.101102
0.080982
0.902145
0.252736
0.494908
0.388113
0.263626
0.263116
0.699527
0.056731
0.788717
0.292302
0.839438
0.484634
0.233479
0.220535
0.314285
0.995427
0.189132
0.850491
0.843905
0.528317
0.664871
0.369616
0.317438
0.810324
0.102623
0.212763
0.446422
0.386551
0.774648
0.474231
0.796791
0.024859
0.999140
0.283053
0.000000
0.000000
0.767825
0.035064
0.870359
0.742945
0.109293
0.866617
0.821526
0.003792
0.660263
0.632365
0.210481
0.434947
0.933109
0.457283
0.110029
0.679891
0.971732
0.435377
0.237959
0.887421
0.952771
0.391655
0.763328
0.100053
0.223862
0.102477
0.021421
0.516928
0.258686
0.033903
0.749682
0.541712
0.881948
0.561391
0.968690
0.752475
0.949283
0.738814
0.263525
0.087485
0.685885
0.810465
0.150807
0.313814
0.487028
0.703631
0.596085
0.054351
0.971161
0.574372
0.574443
0.577154
0.600920
0.136016
0.034933
0.413837
0.272949
0.689648
0.985591
0.246915
0.766348
0.666660
0.536316
0.900525
0.666921
0.543385
0.089272
0.027788
0.959793
0.732243
0.890660
0.895253
0.794324
0.535218
0.342401
0.280784
0.474461
0.008580
0.424800
0.717987
0.410536
0.604571
0.590882
0.978606
0.275977
0.042786
0.870653
0.887844
0.371951
0.148874
0.169315
0.162823
0.595221
0.851466
0.044113
0.590111
0.247793
0.218489
0.728445
0.183082
0.000000
0.000000
0.106938
0.453108
0.193715
0.371959
0.183761
0.886769
0.213487
0.542775
0.165275
0.448273
0.822608
0.472541
0.879506
0.656411
0.547909
0.518561
0.425358
0.812119
0.642030
0.184273
0.997704
0.488388
0.509235
0.764176
0.674589
0.725292
0.222260
0.383085
0.346163
0.841848
0.975266
0.282174
0.975571
0.602170
0.186945
0.463329
0.124167
0.699965
0.758415
0.479748
0.683121
0.718050
0.212783
0.140420
0.480692
0.999407
0.880798
0.038926
0.948633
0.892860
0.212325
0.981949
0.254547
0.626856
0.518767
0.494841
0.246604
0.063756
0.168444
0.664876
0.706078
0.858070
0.269826
0.022469
0.558130
0.198975
0.920241
0.275098
0.228960
0.518150
0.256060
0.016149
0.976486
0.898780
0.959210
0.844526
0.380965
0.089602
0.732737
0.682574
0.435169
0.143204
0.307105
0.680317
0.503945
0.734657
0.648020
0.067831
0.994697
0.181153
0.460456
0.560741
0.656193
0.812220
0.776364
0.296572
0.180237
0.841915
0.654456
0.607938
0.000000
0.000000
0.477456
0.611579
0.378281
0.866344
0.480264
0.461018
0.301627
0.554696
0.575960
0.144194
0.721225
0.200087
0.279534
0.698644
0.190604
0.421930
0.207689
0.138687
0.813761
0.328457
0.480585
0.066992
0.082046
0.317459
0.314578
0.338095
0.654030
0.420220
0.832084
0.874214
0.549693
0.338014
0.541983
0.250724
0.368172
0.849717
0.865263
0.074113
0.944985
0.015317
0.079272
0.753844
0.372866
0.209426
0.836255
0.858092
0.772724
0.348092
0.967610
0.325096
0.564109
0.221389
0.587084
0.316707
0.704952
0.071769
0.091034
0.184738
0.192568
0.156473
0.272362
0.182719
0.035301
0.070960
0.022447
0.613275
0.270941
0.469674
0.175721
0.811093
0.019332
0.513246
0.917746
0.748218
0.779646
0.365471
0.963155
0.354969
0.873570
0.734860
0.422376
0.514248
0.335834
0.114558
0.786756
0.475336
0.143630
0.486456
0.906939
0.439582
0.657547
0.460565
0.115912
0.349116
0.297838
0.005059
0.166576
0.874591
0.735092
0.069898
0.000000
0.000000
0.149226
0.939616
0.880934
0.324673
0.463228
0.717829
0.428449
0.535942
0.950284
0.498041
0.817509
0.735727
0.158199
0.791625
0.013683
0.723489
0.492443
0.337404
0.754817
0.706491
0.442562
0.821593
0.816027
0.816173
0.501060
0.163721
0.584023
0.909120
0.289630
0.354190
0.329793
0.727057
0.698356
0.278767
0.867155
0.085299
0.068314
0.968253
0.625075
0.770180
0.145388
0.313850
0.000656
0.559457
0.922122
0.445322
0.349265
0.513061
0.089281
0.763783
0.388393
0.147842
0.385067
0.272511
0.299247
0.011533
0.238876
0.461894
0.140840
0.375815
0.452617
0.526846
0.551400
0.332373
0.214956
0.149126
0.560457
0.328639
0.653676
0.791405
0.810899
0.682928
0.282565
0.520660
0.551810
0.481624
0.142411
0.341862
0.864924
0.246752
0.186474
0.526296
0.382607
0.844329
0.709010
0.685143
0.309834
0.014445
0.323577
0.749552
0.223198
0.955364
0.015563
0.812394
0.197126
0.253921
0.449655
0.582660
0.593706
0.967003
0.000000
0.000000
0.476052
0.621818
0.617212
0.617578
0.374049
0.694572
0.304677
0.378794
0.756655
0.507025
0.615049
0.402083
0.197995
0.504225
0.470114
0.139240
0.467780
0.479982
0.042160
0.091288
0.318397
0.995366
0.618374
0.755775
0.276122
0.533972
0.022586
0.823498
0.240969
0.652105
0.628912
0.159656
0.757103
0.331837
0.236280
0.710777
0.327275
0.515141
0.432110
0.798792
0.542866
0.917836
0.139274
0.901507
0.276282
0.943685
0.065041
0.550988
0.012119
0.140015
0.856040
0.638670
0.829884
0.699062
0.139786
0.668937
0.466678
0.925949
0.885138
0.706961
0.643402
0.256543
0.703547
0.735617
0.763792
0.394751
0.062275
0.700259
0.395615
0.835586
0.244223
0.961214
0.906725
0.318727
0.767245
0.755409
0.596543
0.142728
0.046907
0.862995
0.592463
0.079650
0.247111
0.846979
0.072290
0.814575
0.884314
0.370245
0.800345
0.810675
0.178550
0.694294
0.660977
0.990063
0.383515
0.730505
0.076199
0.074626
0.534885
0.384844
0.000000
0.000000
0.375226
0.972920
0.713075
0.345891
0.243755
0.755658
0.884885
0.346573
0.073414
0.552794
0.416689
0.224474
0.478228
0.499305
0.602914
0.285803
0.539571
0.519512
0.478191
0.580958
0.390836
0.920561
0.676390
0.291466
0.963630
0.016388
0.222067
0.828727
0.778837
0.302716
0.864858
0.927323
0.751464
0.442291
0.542609
0.875106
0.977469
0.595548
0.586490
0.883002
0.791177
0.512308
0.549912
0.639516
0.331146
0.328813
0.148411
0.727147
0.369139
0.606425
0.006839
0.138915
0.964327
0.720469
0.915345
0.727895
0.497689
0.637315
0.484724
0.411637
0.273816
0.884745
0.905238
0.457725
0.419484
0.551575
0.790396
0.058727
0.465780
0.774543
0.704233
0.676345
0.775617
0.454740
0.225752
0.936338
0.622821
0.733324
0.836394
0.594530
0.394788
0.618225
0.677167
0.017321
0.738938
0.054703
0.243256
0.729088
0.436224
0.001493
0.219478
0.388090
0.724354
0.767102
0.240689
0.035479
0.952299
0.530484
0.160420
0.362753
0.000000
0.000000
0.000000
0.000000
0.000000
0.000000
0.000000
0.000000
0.000000
0.000000
0.000000
0.000000
0.000000
0.000000
0.000000
0.000000
0.000000
0.000000
0.000000
0.000000
0.000000
0.000000
0.000000
0.000000
0.000000
0.000000
0.000000
0.000000
0.000000
0.000000
0.000000
0.000000
0.000000
0.000000
0.000000
0.000000
0.000000
0.000000
0.000000
0.000000
0.000000
0.000000
0.000000
0.000000
0.000000
0.000000
0.000000
0.000000
0.000000
0.000000
0.000000
0.000000
0.000000
0.000000
0.000000
0.000000
0.000000
0.000000
0.000000
0.000000
0.000000
0.000000
0.000000
0.000000
0.000000
0.000000
0.000000
0.000000
0.000000
0.000000
0.000000
0.000000
0.000000
0.000000
0.000000
0.000000
0.000000
0.000000
0.000000
0.000000
0.000000
0.000000
0.000000
0.000000
0.000000
0.000000
0.000000
0.000000
0.000000
0.000000
0.000000
0.000000
0.000000
0.000000
0.000000
0.000000
0.000000
0.000000
0.000000
0.000000
0.000000
0.000000
0.000000
