52
52
Inf
Inf
Inf
Inf
Inf
Inf
Inf
Inf
Inf
Inf
Inf
Inf
Inf
Inf
Inf
Inf
Inf
Inf
Inf
Inf
Inf
Inf
Inf
Inf
Inf
Inf
Inf
Inf
Inf
Inf
Inf
Inf
Inf
Inf
Inf
Inf
Inf
Inf
Inf
Inf
Inf
Inf
Inf
Inf
Inf
Inf
Inf
Inf
Inf
Inf
Inf
0.0000000000
Inf
297.0789254693
287.0054730459
277.9675764318
271.0626164455
266.4326742889
258.8500174032
248.4457726363
238.8964070753
230.0310393374
223.0488330228
218.3818838307
213.4098164971
205.9996842915
200.7808388688
197.2470110746
193.3116225642
187.3148527282
180.0732525444
175.5294818198
167.1671273584
156.4635550714
148.9124740005
144.1063011568
148.5819030483
144.9789814557
143.0206341688
144.0462253547
130.9987661322
122.8885863813
115.2621351151
105.8479880384
98.2366651676
92.9180873520
89.6278843524
86.7778262627
91.5541122771
99.1058627519
88.8427817933
81.3193797459
76.6999580843
74.4390170248
65.9714768019
53.1180199765
46.0674819290
33.2871150159
26.7692886059
33.2871154177
25.9439991869
17.2160079310
0.0100000000
Inf
Inf
290.2500066127
275.3660728920
264.6818197878
255.0035806409
245.5548457225
251.9471041785
236.5387593030
225.5825553142
215.3299075886
205.9009901000
196.6166118532
204.1558605253
189.5204173670
180.5328751278
185.2712193144
171.8904852831
180.0838248479
160.8105793651
156.1574422065
159.3703993318
142.8976249543
131.0483547644
122.0925429925
134.5361934347
127.0972410800
124.7862147788
134.7271547838
121.5666842818
107.5853594498
101.5041704176
92.8415921001
82.0845031084
75.1771715096
72.2808356297
69.0717640945
75.4625523659
87.7212077234
78.3318428137
65.8545497645
59.7408275719
67.3097508073
52.0828062466
44.3616079576
30.4550322762
26.7689159128
0.0699996466
23.8711098560
19.4260514743
0.0100000000
17.2160079310
Inf
Inf
285.8698123370
267.3869617675
252.6120721299
239.9669806454
227.9008765272
240.1247501480
234.1419454283
215.1687182890
201.4746580373
188.7334501784
175.8444158383
190.5242534406
184.0056963893
163.8506866533
173.0644878189
154.8572627342
171.9768824841
160.6864810218
137.0525789816
145.7047204237
138.6485367094
121.6624409028
93.1318309314
122.9721899226
112.1803034279
108.5443070797
122.1699836099
120.8885990585
108.0325405688
89.6490863811
77.2107397978
75.2952075029
51.8130309558
47.6742551005
44.4730682358
64.5629507631
73.8879068627
71.2141359518
55.2579918222
45.0116203256
58.1107977181
48.0273351325
31.9834238273
29.5113681383
0.1299996741
24.0142309538
0.0100000000
0.0100000000
17.6536534505
25.9439989510
Inf
Inf
286.2156983732
270.2668788799
253.2735561663
239.3188002770
226.5614287279
212.0300418705
229.5500848241
228.5258236472
218.2145716196
206.5798986162
192.2146581614
159.8232174146
145.2912987160
170.9437332964
131.6910577784
127.4118811465
159.9582025737
155.4030025397
145.7034384890
109.2354715539
134.3054050624
97.6732541352
123.4852479592
88.5485593730
85.4065709386
82.4170008850
110.6793393210
102.9118173795
100.9576395684
98.6098157764
82.4139294071
55.7008954874
78.5150670902
75.1545180519
67.6849128549
40.5848649537
62.4090998452
59.1156160266
51.6366912547
26.7283247103
47.0845945933
46.1768548579
29.8905383774
0.4560654783
29.5113681372
30.5321673664
21.7226211798
13.4377047386
25.7013719443
39.1255655708
Inf
Inf
289.6533929148
278.1274754709
266.6743832337
255.6013895205
243.9161449328
230.0428621839
198.8152190173
219.3980038307
216.4147158557
202.4454880100
189.5506244898
152.3297542335
177.3104803835
138.1306269380
170.1923650564
161.0475190091
121.8594557340
117.8390485801
114.2278866834
139.7723320570
103.3439782739
134.3054050624
130.3693111985
117.6986801421
119.6284657412
110.9889414964
78.3500680287
100.4404552660
69.4236291094
95.0415389737
86.7074087704
58.5545940538
86.7074087705
87.1004565564
70.5700769231
62.7742482212
35.7874057019
32.6203141210
30.2110643197
47.0845945934
23.1325477492
42.5437715863
33.5342264745
2.6292106045
33.5342262991
43.6677123535
36.0447962244
22.9230531969
34.5102815718
47.6013775145
Inf
Inf
282.8318789584
267.4986479214
264.3484815448
255.9081957577
240.3866776762
224.9645325114
216.4452192104
186.9568542591
208.5711757494
198.1720584737
159.1686051800
190.5470922838
184.1382325095
162.5160890367
179.5368876528
165.9199364376
150.3262993173
155.5705707445
151.7194116109
144.3823927031
111.7347792282
144.3823917949
143.7472902709
137.8669369230
130.9652900420
112.8341007184
105.4368767513
73.9853376297
95.4667177611
65.4518410592
62.5893249872
83.7017271586
93.5970504368
94.0785530488
81.8020524181
65.1725939885
49.4612130926
58.6928637029
53.7944977570
53.5903928333
42.5437715817
19.1009339251
35.1249944229
5.2141645194
32.8603021261
49.0328930817
46.6653979858
35.8583748641
40.6967394255
55.3277638734
Inf
Inf
277.6033083225
258.2357886737
243.4807422956
247.8167350794
238.6214368820
230.7720384115
222.4545853609
211.1938130012
172.4776260475
166.3866284009
198.1933704180
201.9763575937
190.8401177677
179.1185473063
187.8736073764
174.6947235454
172.3453570139
167.8345466991
155.1380603914
121.0365795873
146.6777078586
152.0660112560
150.6821400128
134.1525350796
119.8918820033
111.5483409697
85.2099332365
105.4368771291
101.0317645927
79.2786502714
81.1544893569
98.1625770242
107.5584492603
94.9864024347
78.1036377756
62.1833491788
62.6570289348
73.1457472758
70.6174759999
56.2674655352
39.5709097696
38.0458983509
9.3188873407
35.2650157638
41.7826200744
55.0061927385
58.6174755144
49.8983114901
54.0878539274
63.2138042592
Inf
Inf
274.5354148583
254.5362135697
238.7372298474
224.0673787891
213.1894939114
203.5697780056
194.3988167589
184.1300103703
209.1100475093
191.0060199077
209.8892066211
214.5869890009
203.0495228597
200.7011896287
198.4647722158
188.8698016892
171.1374716670
160.8140627905
130.3133095501
155.1381234748
159.3609778755
158.0161954150
145.8295553929
136.5871284757
123.0761466656
95.0170873427
114.3225446135
115.4580671492
93.8896499548
102.6479658774
93.8556951022
108.5832948183
109.9841473959
92.9383745715
78.6761924298
71.3993330140
75.0988651529
84.9370610072
69.5084303937
55.6068297083
54.4501479253
38.2264557199
38.0458559708
13.7640664422
41.1394072288
50.0060781736
58.5769824614
66.0311778074
69.4868511058
76.1696065247
Inf
Inf
278.9670070720
263.3354437826
252.4342902893
245.9067235895
238.4918363151
232.1213667657
223.0188759810
193.4621329353
220.4992878667
206.5948371167
221.7071237688
225.7289709603
216.9825714105
205.4025098579
194.2887626447
185.0651250106
171.7183484064
140.1766403071
160.7672335550
167.8353346637
165.1428356174
147.8080359921
133.3661577528
114.3831197593
106.0503581704
123.1052527705
127.9407275669
117.5824753147
105.1501283487
117.3034424686
107.1829316766
119.2952973032
114.5832126849
98.8783215917
87.1892937160
84.5667553414
88.9238470977
89.4987801547
75.3749839120
71.0642920107
58.2298565302
54.4928931800
47.6587270433
41.1394072287
16.6555863578
33.8589099411
45.4659611653
58.1459369528
72.0161456321
87.4434355053
Inf
Inf
285.8323207254
275.6905825331
267.1290259017
258.8266058067
249.5363268705
235.9471840843
206.2870288000
214.1627053603
230.7864832420
225.2040331109
233.6502312119
224.5366308296
207.5964011786
191.6743797865
177.6568223343
160.0552475647
151.4326925954
171.7575813894
171.1436583959
175.3728438556
158.2524206419
143.9879727743
126.9228288535
137.6304900709
120.6277815884
136.9433139576
141.3796163559
127.3065200208
117.5605732808
130.2250836905
121.5246086216
131.1792255471
121.6273248445
107.5570631639
101.1222698990
98.5791990812
104.5076203025
96.9765031443
89.9387994856
80.7997252203
73.7335392301
61.6920130905
44.9613328545
18.9305640506
44.2620728488
50.0060780263
46.2524439173
59.2331151071
73.0719666501
88.6379012154
Inf
Inf
289.4939293374
271.1822505111
256.4383607565
243.4402045843
231.7250888505
220.6694041503
232.5021169444
228.1285951623
242.3044344409
242.1519546902
234.6585811380
221.0516243124
206.7252366688
191.2950190632
173.1113812391
186.1873555815
167.7846209891
185.5140334918
188.9245181692
176.0282789719
157.9268555349
140.2836797181
143.9855256734
148.9195471281
134.0838021717
148.7552864260
151.3168391365
138.4035221312
132.4074263949
142.1724024153
138.8226408786
139.6355348675
130.5683310273
122.9156992927
117.6994769086
114.6734045628
111.6861448389
101.2668697494
94.1513750774
82.2905789058
65.6308130080
51.4763391130
49.4545340785
20.0305791294
44.3661017569
61.2020474952
61.7587817198
61.3810776350
75.3660663777
91.5883565950
Inf
Inf
293.8822380292
279.1844093485
268.4350629663
258.6439300265
249.5058097193
239.8623283644
245.0127572037
245.4368577688
253.6544346772
240.3211267909
225.0756524554
211.3524060788
198.9214757859
187.4182858838
193.1414934366
197.6352897843
181.8711370665
197.4111596882
186.8210952059
168.5516683393
155.5920690701
155.8317727017
158.2494818848
155.5056961972
149.6145655057
160.0569027432
161.8605797684
154.5468736564
150.1140255056
140.5228109669
131.7198007659
122.9124556251
126.1229984375
125.3629659994
124.2594666777
114.7013133659
103.2322077828
89.0531525028
77.8643434680
74.8424496197
67.1595088636
50.1298655232
22.7950297343
49.6163506079
56.1348703786
64.1504007825
78.2052277947
75.6255623991
81.3450996719
96.7562531231
Inf
Inf
300.6428005952
290.5871572086
281.3683343292
272.7611318075
265.9370338694
261.4085624943
261.5254861363
261.8652094600
262.3476712508
249.3042578299
237.3138653034
223.0747713280
213.2066648868
205.0088454176
207.7238563119
205.1736600439
199.3177374256
205.4430260979
188.7574428079
177.1467972201
170.9117262490
170.0612484281
175.1647511371
172.4164591521
167.9206800262
161.9687553976
154.6431905339
150.3553757253
145.3477580285
131.8990883365
116.8502340045
108.7211764033
109.3894895924
108.9187116955
114.4863303121
101.4648958322
92.3274722062
80.6349220078
69.5644870657
56.4796979911
60.2329888570
54.8172415355
24.6882882294
54.8172487353
68.0523885251
75.8460476339
87.2094867995
92.3026630629
96.8974054937
104.4080810623
Inf
Inf
303.1837246478
294.9739344781
287.2160675323
279.1963253756
272.4169734140
267.4354845931
264.8970540257
263.0652148597
256.3444690050
252.0551261726
246.5455126917
237.1292340741
229.9177450184
225.1886869240
224.4224582831
221.6681202732
217.1141398971
212.3187799254
201.0784719471
193.6219389580
188.7289711819
186.8044607781
176.7403258597
169.3708196279
162.9983344083
154.6081820970
137.2119985871
132.0986655598
135.8643311539
123.0328073584
109.0630623286
95.3978693204
95.1688793147
94.8119828264
99.1519497640
98.4798344133
81.6753314257
72.9876214333
60.2517502834
60.4008419760
29.4028726004
27.9940800049
54.9805936302
42.0497755639
48.2257388436
68.8707514836
82.7181394499
91.7136837828
103.4080261606
116.7069829393
Inf
Inf
296.1484101657
282.7055553676
274.9203989031
267.1758651638
258.3638879370
249.4721470878
249.8066967757
252.3889411724
241.5642530482
232.6419220973
242.5102647925
239.7366226049
234.1556611286
224.6799357848
217.3736125049
212.0965916473
209.4781240811
209.0220409757
208.3895761319
198.2402356617
187.4075971279
177.8922921664
168.4100209280
151.9279541294
149.9780602738
140.0192205161
135.2631950193
116.3833744934
117.0504662190
122.8336399991
115.6071713108
98.1133617958
79.5659867570
81.8274982337
85.6973583720
91.3358305675
82.1144820526
63.6255752153
63.5828498717
32.5121770431
60.2329765785
51.1975626108
64.6407738275
52.9627904326
68.0620330340
58.3497866716
66.4018386602
80.3029650146
94.6160598682
110.9872875715
Inf
Inf
291.1888417140
274.2664610700
257.9078973897
256.1622983434
244.1324590964
231.8810590394
230.8976752329
240.4891057760
230.5009361342
213.1029831830
230.6056114729
223.6549747268
227.2924765565
211.1558928191
204.0780580212
193.8385126928
191.9492448322
193.0776394973
193.4523071936
190.8878202201
174.3447939006
163.1748693080
153.5637260221
146.0716005329
131.6547731245
133.3537616150
119.2244207734
119.3948173823
98.4546821719
106.2637247840
111.9528725112
103.9563209927
88.7014707443
65.8221796809
74.4486331635
73.0829348879
76.4799556030
66.7700747787
34.9174698247
60.3830184509
70.1010283022
63.8682143424
75.4946384484
63.5047281298
78.4870696361
69.7983182874
83.6446907860
77.0897924696
92.9344838857
109.6628553482
Inf
Inf
288.5201625331
273.2839554134
253.8306966285
239.7590132708
228.9391628768
218.7022635722
208.8271051381
228.1919419471
223.0655393875
198.2577785281
218.5712786380
205.4371946001
219.4863774395
208.3592521067
188.4727252929
183.9288603706
171.3075328581
179.8625338005
178.1724860126
186.4163343967
168.6315920864
153.7427135572
141.1611780080
129.9760112779
119.9383803660
110.7256058669
102.3754014593
94.7634065070
87.5051542698
80.7588921466
98.0627299823
93.4973350813
88.5639136817
78.7742211057
44.4440601211
42.5153824715
69.9629050589
38.0367682944
66.5804792654
72.5366618360
83.8390293988
78.0295796308
86.9805317159
74.8124790648
88.2240473057
80.3367018899
94.1031964815
85.0839015870
98.6100908150
114.1083802993
Inf
Inf
292.9555378663
277.8891088164
269.2733645272
260.1126217255
251.6274773206
242.3208723298
231.0556126851
195.8576526837
188.1672909014
181.0312551415
206.9080863504
188.5583061257
207.5408205464
209.1540205731
191.0746385286
169.7924116987
155.3198101760
168.4374733047
164.6156045312
179.4513438545
178.6632816954
167.5756012750
153.5658001630
144.7586577850
136.6042730787
129.0593440522
126.2886732432
119.4639051555
112.2634912040
99.3112439752
71.0923736502
64.9190927151
82.0546201720
46.9600248130
78.5924805341
73.2061054292
40.5345569144
49.6720312091
74.2116130928
85.2315521976
92.8164011125
94.6329038549
98.5649387919
87.0574356076
98.6468935463
91.6182532440
104.0905867536
93.3656206681
105.9890011231
120.7265924742
Inf
Inf
296.1061234661
284.5120769113
270.9166218779
258.5579714687
244.0317209466
230.2069409437
217.6026743050
227.1250029937
220.3780199356
209.9707475635
171.0081206699
164.7904849692
195.8741312708
200.6301192282
197.8648827364
185.0617991318
169.6191134866
139.5159888274
153.2258524931
167.8234774933
181.0601333523
178.0533479866
169.1164200793
160.9633875451
153.3657691121
145.5945613060
133.8563611156
123.2669255941
113.3422251632
103.7380646652
94.6640592324
85.3377988126
49.5222865826
82.0546202060
88.5639079648
75.1538455538
56.7164149592
74.9887173971
56.2113409146
61.2206618121
87.7821445626
101.1498087079
110.2266929091
101.4058434189
110.2399412792
104.2862956386
114.5926437680
102.6802384667
114.2073664737
128.6534600073
Inf
Inf
295.4314268849
284.8017720957
275.1378645453
266.9182363186
257.5226103411
247.9297986504
239.3626559177
227.2953915998
208.2930414156
206.5577274079
199.9849712995
193.1391938198
155.6869409100
192.8409471897
193.8281657092
187.4529274964
174.3228155291
161.0129754544
124.9417187649
156.1905010982
169.0681995999
175.1346757153
168.5204950163
163.9659927689
153.3399093947
135.7610352712
121.0631453924
107.3990876616
95.1697269157
84.0933564696
73.5254678682
51.4904929257
85.1694923841
91.8450233826
98.6883402546
82.5285093320
65.5954553727
86.1492745539
81.4397384352
82.7341916595
68.3902236190
95.3924972017
108.8566540427
117.9019515252
123.5965833187
118.1064604903
125.8536094495
112.5722969761
126.7229911340
137.4680835565
Inf
Inf
288.4848650890
272.3890639193
261.7135869894
252.3111362226
243.7303220127
238.7721964994
231.2099579548
222.2821579691
210.9469484101
171.6719384040
164.5516757218
157.4890034718
148.6116797705
182.3029540686
174.1656465953
179.5680728644
163.2862412101
155.6372001080
110.7627293579
149.5457402898
148.2930813490
163.6432422337
155.1330060102
143.1034996989
155.6665266220
145.4567701946
133.3113121579
122.0843532002
111.4171170869
100.7289168008
90.8246544615
52.9655195556
86.1179232196
104.8859795270
106.2719417460
90.4586056618
82.2500155450
79.1300176794
97.1693148781
96.0158196842
95.3922874437
75.7686815644
99.2471234622
111.8792476372
128.0691667040
133.4641386364
136.0342309247
126.9426193723
128.4280602380
144.4444960385
Inf
Inf
283.8026094826
263.4950108130
244.3330133277
231.1304994813
219.5867009555
209.5117795291
200.1654055520
191.1527629392
182.7121523151
207.1920414700
201.9992333698
193.1112348710
182.4840315574
139.5789006824
134.5024045188
170.4101470162
162.0889064469
117.6189658360
148.6004162176
104.2008950414
143.3587323102
149.5583004562
140.3204434130
126.6358240611
144.2290482931
141.5269573118
124.4023498746
110.0098133771
96.5604722060
83.4937264488
54.9201935741
91.0183631289
97.5197687544
111.2542505083
114.8509248284
106.1770306761
96.8952328371
89.2933065424
102.2481152211
112.1288271553
108.8554244876
102.5905485818
84.2733649408
110.6174446469
124.1253034808
136.4828741963
148.1861543374
143.6764337591
141.0832330806
150.9907122894
Inf
Inf
289.1274305917
269.6078730972
261.6909865486
252.4935201400
243.8542317485
235.7464973057
223.6421624368
209.3203622412
218.7807709643
219.7905802062
209.7068623828
195.7156886121
163.4212660742
181.2719645611
171.1785873109
127.9332247952
123.3056831854
160.5285784905
154.4826233483
134.2629385205
98.4334919691
137.1539991490
133.6374795354
110.5531098404
133.5968921404
136.2959712584
129.2898616436
115.5139781437
108.8286971355
100.7293145423
94.3546777855
57.3922283554
90.9499554975
106.2736323916
123.9853674286
119.9220961722
113.5296499547
100.3182115450
111.4545716855
125.8683488726
122.3729490597
104.0620159914
110.6905306465
93.5616570376
111.7777907117
124.3373480881
138.6315855063
155.8134958045
154.7631955336
162.4128408411
Inf
Inf
294.4118311698
284.6637798810
276.0008222212
267.5433673446
259.5095241839
248.5600037128
237.6272373120
233.5446675134
232.8891039936
217.3214911637
194.2699880481
180.4425208751
194.6666454226
183.7807003680
160.1251887964
171.1852175013
163.0230631514
171.6410454611
158.5415395770
145.3359352281
137.7503983824
92.6732896075
127.4879783564
81.2251215778
123.4996449394
122.5070160758
110.1104784818
107.2259483945
66.8503423153
101.3773410573
60.7939658349
65.1144188675
100.6625588416
108.8246580452
116.1415016423
129.9570307830
125.3269960660
112.9406793329
121.1973561343
135.3248977250
131.0021962616
116.1813522350
124.4489906942
110.5168045824
103.3553955116
123.7436391383
138.7712363207
153.3668065485
166.9579072576
175.3715186401
Inf
Inf
288.8508338319
279.1101936808
272.5895288908
269.6367942838
268.6934126728
261.1569536321
253.9915970291
248.4098067457
232.7638614739
214.4626590388
213.2530483340
201.8413561458
204.4175451341
189.7560143044
179.6482259480
186.1760763663
182.9887338792
181.5172739058
169.9190680653
157.5943141601
139.2804410045
131.4950338994
85.2900399948
123.4996449394
77.3081771239
115.6072630027
70.9315501245
68.8946364688
105.0624180089
63.5758172757
101.3728799934
101.0634868231
69.1583112197
71.8175080256
105.1463440424
120.9659160363
134.8397832782
130.6583529398
133.0962027660
145.2026854268
141.4844181460
128.5681874022
135.6594322786
121.2942668675
123.6859436589
114.5629504368
129.7376942517
143.1378308618
157.5352443934
175.1114440034
Inf
Inf
283.4763539448
270.4380527063
259.8638483522
251.0980391912
257.2786882226
258.2041343307
254.6750614737
247.7636295120
240.9288156114
233.3090670832
227.2612361782
222.0421629269
213.2693351398
206.0089173672
201.2231139896
199.1993774469
189.2550009829
179.9750884627
170.9901804246
159.8192917215
141.4628934276
134.2635234137
88.2476076613
129.6542650075
120.4729997631
74.4857378118
115.3311359773
113.6749048046
108.6792035479
71.5330905566
108.6792035466
111.9383591581
92.2960282848
108.8246513201
75.8865543043
114.7191733958
125.9316864120
139.6312291373
149.5829552626
156.5818695595
153.0339345527
143.0464494080
146.1347984669
133.3665655041
134.5672433058
131.8035616035
126.4339754849
142.5311723663
157.0124602203
174.7018386398
Inf
Inf
279.9405335940
262.6666520847
245.9893527344
231.7572640238
244.1865415446
243.1393192245
247.6317548633
229.6855999436
228.4321489240
228.5642946233
226.5946824985
224.9393455958
218.5606772321
211.4008552680
203.6920700873
191.1172123531
175.8481967127
165.2237192369
155.3954015984
145.8853481948
140.0061354637
91.7840383155
134.6320856947
138.1156153219
122.8083414003
91.8366863102
124.4769649096
127.9388297426
108.5253515478
75.0262574536
112.9846899256
122.4867691363
105.7903435004
120.2235597616
114.2073741516
80.0544374605
114.8673282123
130.7466185520
144.3905787323
155.0942768228
165.9535937322
160.6363684741
157.8103764189
147.8563382730
148.3909287102
144.9333366818
143.5130395600
140.1976700975
157.2687471591
176.1073827394
Inf
Inf
278.7724303525
265.0468985096
250.3036230334
237.1244214235
215.4595902919
231.1041208302
236.1362774781
228.3197782706
205.2412295207
213.2180934654
210.9228309763
209.5955414354
211.3064874224
190.8945942932
192.0119852469
182.0794555696
164.6153195609
149.7609368651
135.8103679117
122.1044769076
95.4099963640
140.1263765368
141.5668565710
145.2227451832
125.3830097799
100.5931209215
131.1633526876
132.5385781630
112.7749865454
78.7776353326
116.8153671411
132.3567007174
120.1601864081
132.7906390903
125.2748017039
119.5504800908
83.9223038078
119.7680825356
128.9535520158
148.6285908184
158.5311279155
164.9515234889
170.6573030343
165.4797731346
164.4606434670
159.9591319594
159.4413987603
151.1781502691
163.1052024030
180.9086640031
Inf
Inf
279.5253476891
268.0601292469
254.6182901524
239.0860919259
229.6485535347
201.3172774137
224.5672801402
226.2467678564
215.1566260926
185.6945283341
196.8205402189
193.6625080501
200.1873169849
191.9724724864
168.7401341559
177.2831421808
177.6647303452
168.5260895301
157.3033779018
146.3487524283
98.1253088671
142.4677539630
159.9327824922
151.9903634675
138.3354007487
109.1772028397
137.9132105840
136.9081980406
116.9907831774
82.4700312576
116.6112749971
137.0633269636
135.4797359536
144.4322901060
137.6435084391
114.6777740155
123.7979368533
88.2402276263
129.2819343715
137.3738101546
138.1728959385
151.3803611992
157.3246320778
164.2245944899
171.4866322312
174.6684320368
174.3954160520
163.3407027292
173.0045924675
188.4867390396
Inf
Inf
273.7595596559
259.9875906965
251.4141400261
241.1061774661
232.3201561027
221.8972770718
188.6000896724
214.4445628560
211.9330475706
199.4331817576
166.8539653703
184.4785970687
180.4271514555
189.0461992156
177.8957268345
148.2877949466
164.0210121433
158.9958625599
151.2694043925
102.0282519733
142.8297836034
155.8644738940
167.6511884271
155.2420769406
133.9772227640
118.1512492820
144.8586439059
141.5156754352
121.2962237528
86.1284011975
125.1364516135
140.9794698739
151.7616499989
154.9233985222
135.8749347388
135.0407821056
135.3637293095
129.5644421979
93.4736580223
104.7028582517
111.9793794140
119.9839093792
129.0588373535
137.1150066658
145.6976223367
174.7319972443
186.7315698988
178.9066312935
182.8175995610
198.2796957545
Inf
Inf
269.5585968697
251.6461482216
232.6002369863
217.2977631868
205.8677189898
195.6566770661
185.9226993199
175.3664283474
202.7404879053
194.5080307545
147.2400563975
142.1116235466
137.6112354434
177.7704518546
173.4894397175
162.4386223822
112.7279831408
109.4645229817
106.9860410341
142.5822647936
154.1835924711
167.9015527342
174.3001734026
155.6237611456
143.6514486946
127.5092313854
152.1063283815
146.0619665807
125.6470152762
90.1108984038
113.6300604276
137.2283113480
158.4563449284
161.5974464823
152.0762445309
153.0719913889
147.1972390358
136.8226348416
97.3411922841
129.6710874809
144.6746730782
151.0507786723
136.0611169386
163.3060600348
171.4862513118
158.0862103419
185.1682564615
196.2996403190
196.5634469425
209.4150679560
Inf
Inf
272.5179103117
255.1060135180
236.8536708754
238.9288780779
222.2230187196
227.6698546760
216.0603806718
199.3927018823
164.1640302643
155.9025333599
192.2910745687
188.2351912391
178.2578405665
131.0942141660
167.1652410709
117.3432119473
162.0089053315
158.6990643125
123.9284911151
161.8543681371
167.6171699876
178.9901505469
181.3813962153
165.9510184417
160.4679456027
137.4691483658
159.6565787041
150.7562902893
130.0901087762
94.0221016602
127.3722605710
134.3130448213
154.6845944996
174.1573018933
169.1153114878
157.9867585923
142.7969395783
102.5196503255
137.3433037568
143.8922254488
154.8382323900
164.4567363406
163.8288911919
151.8533777384
177.2516230639
184.3149284087
171.0425420489
194.7275406978
208.5328546367
220.0027703962
Inf
Inf
277.6393862473
264.1769135408
256.6312275389
248.9665688051
244.3677735594
235.3423466506
224.1925154548
211.9926240541
202.4983012874
163.0226538839
202.2354934331
197.0749965594
183.9083236498
171.9539170043
123.0512045538
168.4239408898
169.6244125729
169.0050688258
133.4508775934
167.9100679103
180.8783338559
190.1735020825
188.4379225098
175.0681550232
158.3414358784
148.6308946954
167.4947482988
155.3972514234
135.7739609622
97.7231245747
139.6913956466
152.3401812322
156.9525725266
178.9790047677
170.3694337544
153.4599730549
131.9475774653
142.5881414429
106.9517470948
148.9701719471
162.7325996668
174.4680760642
179.1545719171
174.9392341016
168.7793240911
189.4653895883
196.8832784231
185.7894973857
202.0006577392
221.4862265578
Inf
Inf
284.7070181214
276.6379018149
269.1705553880
258.7514126285
243.6526489388
227.3071664209
211.4473972562
210.1395026870
171.8609482324
205.1642340756
204.4269547369
192.6242454271
168.7449320480
129.9207076638
168.5494146720
179.6386062463
187.8748185404
173.1067300650
159.3380584903
147.9032791632
173.1478953594
195.5490038466
195.3392967524
180.1101609239
168.8917857831
160.1407671533
171.4914770321
146.1408281630
129.9238694577
101.8266177996
143.0666319656
160.0005170149
173.4327627938
183.6625798626
173.3596647818
153.7180838410
157.4481918762
151.7576166595
110.4258566791
134.8670347537
149.1859191097
169.2278638109
186.6492201272
192.0000504495
181.8473017129
192.9202083587
209.2315056785
197.5665809322
210.6329389407
226.0505519322
Inf
Inf
287.2083944214
277.5269070172
267.9599781431
257.0946915795
241.8961842555
223.2570691554
221.5066121677
180.6775976668
212.8173730569
216.2159610913
207.7942005746
189.7583166136
180.6549723966
135.0551391275
183.1969494242
193.3648867294
197.1579082156
185.3296765919
177.1655613828
158.3760562737
187.2888137573
200.4857505981
202.6313452809
189.9360950414
176.8452307513
180.6192477861
170.5408468752
162.6447805045
150.6772860774
106.0972120491
130.6446744372
145.3828070411
166.3994435324
186.9196694153
179.0960008995
170.5056393256
170.2377994655
151.3399087310
113.9520997843
155.4422168717
167.0675370480
169.9154066944
185.8774521226
201.5352933381
201.5588970698
202.6882002501
217.5675030235
209.9107166016
220.5451649810
233.0059517325
Inf
Inf
280.8293732646
267.5940732760
257.4243678979
247.5214540256
239.7695645491
229.0334202383
189.9382190025
220.5961334874
223.6781237127
216.3360885615
198.1629690958
189.8165913747
144.3372811729
142.9737318347
187.3093179218
199.0187941448
207.6839379347
200.4589122368
189.5622823818
170.1069801070
184.1882573562
204.7312763476
211.0267639890
198.3567359783
191.0777090654
191.2807337289
181.4570309013
159.1308222963
142.1518001001
110.3919548663
153.8967490399
166.7621651953
169.3554573758
191.5625068962
190.9618241100
184.0115266967
171.1387141279
159.3475359514
118.4186882776
159.5705228135
170.2822246452
178.6374494633
191.8746583590
203.2788812027
212.0834788444
220.4090533587
228.0704140207
228.5439670986
230.1436252446
242.4416826927
Inf
Inf
276.5558795499
256.7560788941
240.3066299540
226.8657398257
214.5218240292
200.6001565807
228.3770052329
231.3033370708
223.5317664539
210.1548938301
198.1475132231
152.3623325308
188.1449629038
186.5624271053
151.6830631916
195.3163514071
206.3597741490
212.8163893156
202.4894383548
182.4127121136
200.0002768394
208.9995371528
219.8764737599
212.4773869630
206.4112476819
200.1119769553
188.4528216687
172.6227714631
159.1638839678
115.1592104514
154.7021985909
167.5345671669
186.4680006662
198.2866848472
192.3503204506
175.6134579513
156.1713475246
126.5514960828
159.3703029719
127.3593989998
132.6999577229
168.0906904464
180.9629919913
193.4099766994
207.4603375385
218.0105142170
228.6548913878
239.0168882531
246.1049515597
252.7067683412
Inf
Inf
280.7328099410
269.3349808964
257.8207215433
248.2089581783
238.6241399669
208.3422021250
238.1052906920
232.5607484824
215.1136371053
196.1959393703
160.5632342855
197.5298306667
191.6348257068
199.9502057341
195.0816538396
160.0215897178
198.4940920478
217.4394116986
211.7853651075
195.8834797207
209.8186078419
222.0003691101
230.3460493650
222.6081214333
210.3717930931
196.1809385299
170.6867857046
166.7402321513
121.9370150446
156.5164696117
138.6656769290
169.1337735714
182.2176824930
200.7665902838
192.4405115231
173.5008690715
156.5258430314
165.7840060098
132.7194167257
167.3630685117
172.0815646808
140.7783170204
169.7234055627
186.5523300446
197.8919372240
206.7820782356
216.6239016210
230.2752028751
238.6554041440
253.9603402824
Inf
Inf
283.8678458758
271.5803052652
256.0514701612
238.1570069517
219.7128357466
243.1032058395
244.4680771824
231.8025054203
215.2814915184
184.3567991819
166.6184010944
208.1887387244
210.5505580600
212.6892596661
204.8551911204
166.7722671786
207.8928958152
219.2289188543
221.7923153709
210.2904556241
222.9498764882
231.1453312346
227.9621606813
215.5057114956
192.5213590537
182.0524543852
174.3847985825
129.7671640921
166.6322979627
166.9770090070
173.9050756015
156.4076564143
180.9907582215
202.3108724493
196.8424739198
182.6218537297
172.3650381144
175.9177050959
137.6982196077
172.8440687569
183.7901189131
179.7374560016
149.1118443644
178.4143873000
179.0514422795
191.1828327071
203.3817732526
216.7055603825
233.0333981887
249.4575550130
Inf
Inf
286.9304096740
274.2988679747
259.4358616188
251.1905290702
227.5879593830
252.8398882790
247.9528388898
229.7717470413
204.2558628085
215.9212648276
172.8926504777
213.7353971988
226.7030433938
216.2859702684
178.6232050370
208.8863667485
181.9997150984
218.7803348607
229.5564452567
227.9075265115
233.3096887025
235.1959691558
214.7389189164
195.1102951108
194.5140883751
167.9970085140
138.2456048763
174.0323699405
149.2701499623
182.3482005388
187.4039620154
181.8998642919
177.5672914087
204.3159094116
201.8124258221
194.0928358324
184.8527123874
144.5722919132
168.3374106842
180.1449241784
196.4512997037
191.6805535276
182.4495765708
158.3660261965
195.8924324773
206.9581314316
215.2591370073
226.5748813698
234.5511404920
249.5555939398
Inf
Inf
289.5553618170
277.0065516039
265.1907289250
239.9153952390
255.7886800992
260.8032140530
246.5801857608
226.2445226499
233.4426944925
222.0542199886
178.8024555438
213.6727588025
234.1965253912
222.6966823268
185.7340320600
218.7737655556
218.5834001191
195.3130367427
222.3027156309
240.5396407784
243.5157004208
233.5288548927
218.2457272165
196.6510895204
173.2041562230
147.6400832561
179.8794033842
187.4369099737
158.8623268472
192.3499179729
203.8645768467
207.8741666054
193.0622550788
212.4127998647
211.5439584404
201.9067200433
182.4937538341
149.4628960126
188.5545080582
192.8767964210
203.9961620512
204.0207572775
185.6706211222
196.1224908459
169.3636112281
177.1691305150
202.2947230780
212.2940663142
229.1473390808
245.4080520290
Inf
Inf
289.2527003671
273.4073056634
254.1245724190
268.6037503107
267.3006277430
268.8979349039
256.7916193259
249.7546943485
240.0852139079
227.0777633802
185.1424095974
222.5590344270
240.0166201686
228.1842127385
193.1244100050
226.0939605961
228.8966365924
204.6162640155
234.5021193181
244.8763470474
242.1208475646
214.5408028453
197.3723132724
193.2980599922
157.5713118707
164.8013887603
193.9009316098
200.8040329943
186.8213180236
174.2315435383
200.1202529878
221.7978894843
212.9208402975
224.7415377962
217.6878218268
201.8023277669
193.6217205971
155.5254524408
193.1800682009
205.2064349894
214.5444652086
214.3340792141
200.5797676410
207.5510757601
184.6430878445
207.5996364059
188.3482520894
216.6387508931
228.1306245278
244.9961666183
Inf
Inf
293.1678025149
281.6588779681
265.3000791269
279.2008543515
280.8026158211
274.5025679639
262.8533410890
250.6782418481
237.9578992608
194.6405194070
222.5850567410
230.1909681410
246.6710929386
235.2116280453
200.5865142856
232.7199677748
237.2756047855
214.0486477085
240.4868462988
249.8600256369
239.0289179544
220.3286029802
202.9558605014
169.0054669532
199.0298566540
172.1023868626
200.6813682744
216.7168816137
211.0308606058
186.5458685633
202.9365186025
227.0550597853
235.4632997850
226.9243207421
211.3214251494
201.2050599166
168.1620950350
195.1580729928
167.6777728756
203.4208238212
215.6682638793
226.0304959305
217.5240722758
217.8943257605
197.1483544372
217.8888062190
219.7856076714
200.7198781747
222.0242775891
243.9283516558
Inf
Inf
298.9856454141
289.9287874253
276.6158594309
287.6657984878
283.7896987696
263.9810960315
237.3376498169
223.2606062404
205.2844053956
237.8920740183
226.1465266251
247.2921432913
252.9149387785
239.8765780442
208.8160570879
240.1098166751
244.8929978006
223.7673795318
246.5684753009
253.1489875520
225.8109844049
204.8813659710
190.1788480220
177.5289729738
211.9282132002
180.7363961141
212.4642262803
226.7331500176
224.1558924473
200.0131158510
216.5101871192
235.0291394166
237.4972938552
220.8023858769
209.5207330362
179.5379581653
197.5972487283
206.2135977165
180.9053251943
179.8682852356
212.6933579537
225.0697195611
234.0957802620
227.9740240278
210.4409530313
227.8765074337
232.7168497275
209.5359959730
231.4027351118
248.3591825835
Inf
Inf
306.3623501039
298.5237429043
289.4090967134
295.3540761386
278.3084459848
259.4711120907
262.5392673919
251.1920034918
213.4952431290
250.0487065957
245.2691690409
258.5737304082
254.8654274332
245.6107480036
218.2266969584
244.9048077017
252.6464018969
233.9149527102
254.1086630685
258.2809290613
231.9645770072
218.1210123676
205.5041534052
186.7894976103
221.9183337705
209.8028879620
194.0008444421
226.0612993046
235.3128602502
214.5206928631
235.2732979474
244.3637351468
235.5589801158
218.3916522012
192.2140788082
212.9655019772
201.9632629655
215.5940476324
191.4938318191
212.4520419852
191.5223132330
222.1084358970
234.8205174871
238.4873412681
229.7433389226
230.7932530892
242.2582092911
218.9206370940
239.2916774876
254.8835162797
Inf
Inf
314.0955488604
307.5965647127
304.5535118955
302.4929467833
293.2277296742
278.0092890628
263.6509070444
225.8538068838
237.4796956663
255.7308010420
266.6892749906
265.9788601855
260.5808165742
235.3090871389
230.2330345644
255.8800532284
260.8989476348
244.6134376135
262.5333632724
265.7414296555
244.4778247255
229.6019394218
217.4894776944
196.8372577120
231.2879983271
223.0431232520
222.7906018688
208.7598901177
238.7813071523
231.5410368837
247.5648131152
251.1362142463
236.6629552181
220.9492086048
201.7439504725
224.7551701671
214.1603376058
224.5248163172
202.4128481480
223.7362843319
216.5058479820
204.3007233271
232.0855509100
245.4963386438
246.8911977626
246.4992400864
250.6167141323
229.1042502605
247.6390530906
262.6568594881
Inf
Inf
322.7352653537
319.6965888575
311.3453531808
303.8621530494
290.9214309093
275.1740097780
238.9732427448
259.3244366873
249.2970990353
266.3912918996
279.8584877880
274.0564147777
252.4202442847
264.2456042583
242.3402243556
261.9105244713
270.4929630921
256.3001010601
270.9068122143
273.5826739341
253.4858428443
240.8271673957
218.6539017919
208.8886292018
231.1311580706
248.2545657345
242.1812394205
220.1802784357
238.2805495166
255.0322128447
260.8268668279
254.3053443274
239.3308617832
217.2180388399
216.9488006459
234.3164262437
226.8025595496
233.7549751486
214.0421463528
233.6387847009
224.7208168414
227.1798126759
218.8537180106
242.8172935756
257.0698064470
261.7828897518
259.3919277132
240.2569750243
256.4950901180
270.8499529145
Inf
Inf
330.7962673480
319.4763000709
303.7380017841
282.3939097706
264.9718017628
253.4862206599
271.6456979488
267.1687966533
263.4250756138
282.8900750429
287.9585672818
279.6121592662
265.5739912799
273.2233499960
255.6004976277
275.5639241336
280.5331003920
270.2130182350
279.8689369853
281.8307666632
263.1965707988
239.2722734810
239.8511679841
222.7625910660
240.1724239334
260.3429391429
254.5534637878
233.2424050007
248.2679190132
266.9609544549
268.0862274361
249.9409533259
234.4133612013
233.8006261619
230.7512576211
244.5972425503
239.8295216243
243.4318871427
226.8809480698
243.2906714657
237.9402826802
239.1790324787
235.8457484096
236.0294720152
250.8988454556
267.7935134659
268.6604486550
252.8692414917
266.0229133941
279.4974761301
Inf
Inf
336.6408181375
318.2643283080
299.6542252269
284.8458070144
289.7120838782
283.4022355187
284.5302615855
285.1397730029
282.3239649820
295.2264148852
296.8127864789
289.9320652132
282.9390057952
283.1567167900
278.9907149671
281.9765619328
291.5244179298
287.0424623602
290.4440700578
290.2576957033
265.9548529935
263.8280950820
248.9278779426
245.8282916424
248.6776116496
267.2765269663
259.1958864683
252.8800158431
255.7993890547
275.9198387172
272.1548071327
258.0285561632
249.7756723818
250.3663027854
248.2848717621
253.4735213418
253.1270510343
254.5952515925
241.3899002908
254.2304516507
252.1081775840
252.3803482794
252.7205641932
251.3336544493
259.8887636404
273.3467656447
278.9584689229
267.3511170702
276.6368635036
288.7038387309
Inf
Inf
344.0231667303
333.4694762639
322.8870718998
314.5456171114
309.5881579930
304.6079280253
303.5003844274
302.4937385557
305.0455294789
308.5026524581
306.2697083961
301.7727894481
298.7751563604
297.3013233477
295.0005295731
298.9483452247
300.2826921477
296.9545662644
300.0532659800
299.4116983868
291.1861372991
282.8181249939
275.5208074164
270.5651667802
274.2825969970
280.6506854173
279.8326225200
275.1364369141
279.5545937168
285.1061416174
277.9156736479
271.6597518375
267.6407388181
265.3780186127
263.8363767772
267.6334744894
266.1471258586
266.1731197915
262.0937937051
266.0144924802
265.8113673544
266.3815792364
267.4121902850
269.3523271147
273.8621572271
280.3198561661
290.1034531629
287.0735497212
291.6032229784
298.6764258637
Inf
Inf
Inf
Inf
Inf
Inf
Inf
Inf
Inf
Inf
Inf
Inf
Inf
Inf
Inf
Inf
Inf
Inf
Inf
Inf
Inf
Inf
Inf
Inf
Inf
Inf
Inf
Inf
Inf
Inf
Inf
Inf
Inf
Inf
Inf
Inf
Inf
Inf
Inf
Inf
Inf
Inf
Inf
Inf
Inf
Inf
Inf
Inf
Inf
Inf
Inf
Inf
Inf